DISPATCH 1
loads:
1 0.00 
2 0.00 
3 17.96 
4 17.96 
5 4.36 
6 4.36 
7 4.36 
8 11.12 
9 11.12 
10 4.36 
11 15.34 
12 25.14 
13 29.72 
14 8.95 
15 6.13 
16 8.88 
17 37.22 
18 37.22 
19 37.22 
20 37.22 
21 37.22 
22 24.22 
23 21.40 
24 0.00 
25 0.00 
26 0.00 
27 0.00 
28 0.00 
29 0.00 
Pref:
1 148.70 1.0
2 91.84 1.0
3 0.00 0.0
4 68.82 1.0
5 0.00 0.0
6 28.09 1.0
lambda:
1 60.0 
2 30.0 
3 30.0 
4 30.0 
5 30.0 
6 30.0 
assets:
4 9.79 
5 9.79 
6 9.79 
* end dispatch *
DISPATCH 2
loads:
1 0.00 
2 0.00 
3 17.54 
4 17.54 
5 4.26 
6 4.26 
7 4.26 
8 10.86 
9 10.86 
10 4.26 
11 14.99 
12 24.56 
13 29.03 
14 8.74 
15 5.99 
16 8.68 
17 36.36 
18 36.36 
19 36.36 
20 36.36 
21 36.36 
22 23.66 
23 20.90 
24 0.00 
25 0.00 
26 0.00 
27 0.00 
28 0.00 
29 0.00 
Pref:
1 148.70 1.0
2 91.84 1.0
3 0.00 0.0
4 68.82 1.0
5 0.00 0.0
6 28.09 1.0
lambda:
1 60.0 
2 30.0 
3 30.0 
4 30.0 
5 30.0 
6 30.0 
assets:
4 11.46 
5 11.46 
6 11.46 
* end dispatch *
DISPATCH 3
loads:
1 0.00 
2 0.00 
3 17.08 
4 17.08 
5 4.15 
6 4.15 
7 4.15 
8 10.57 
9 10.57 
10 4.15 
11 14.59 
12 23.91 
13 28.26 
14 8.51 
15 5.83 
16 8.45 
17 35.40 
18 35.40 
19 35.40 
20 35.40 
21 35.40 
22 23.03 
23 20.35 
24 0.00 
25 0.00 
26 0.00 
27 0.00 
28 0.00 
29 0.00 
Pref:
1 148.70 1.0
2 91.84 1.0
3 0.00 0.0
4 68.82 1.0
5 0.00 0.0
6 28.09 1.0
lambda:
1 60.0 
2 30.0 
3 30.0 
4 30.0 
5 30.0 
6 30.0 
assets:
4 13.39 
5 13.39 
6 13.39 
* end dispatch *
DISPATCH 4
loads:
1 0.00 
2 0.00 
3 16.71 
4 16.71 
5 4.06 
6 4.06 
7 4.06 
8 10.34 
9 10.34 
10 4.06 
11 14.28 
12 23.39 
13 27.65 
14 8.32 
15 5.71 
16 8.26 
17 34.64 
18 34.64 
19 34.64 
20 34.64 
21 34.64 
22 22.54 
23 19.91 
24 0.00 
25 0.00 
26 0.00 
27 0.00 
28 0.00 
29 0.00 
Pref:
1 148.70 1.0
2 91.84 1.0
3 0.00 0.0
4 68.82 1.0
5 0.00 0.0
6 28.09 1.0
lambda:
1 60.0 
2 30.0 
3 30.0 
4 30.0 
5 30.0 
6 30.0 
assets:
4 10.56 
5 10.56 
6 10.56 
* end dispatch *
DISPATCH 5
loads:
1 0.00 
2 0.00 
3 16.14 
4 16.14 
5 3.92 
6 3.92 
7 3.92 
8 9.99 
9 9.99 
10 3.92 
11 13.79 
12 22.60 
13 26.71 
14 8.04 
15 5.51 
16 7.98 
17 33.46 
18 33.46 
19 33.46 
20 33.46 
21 33.46 
22 21.77 
23 19.23 
24 0.00 
25 0.00 
26 0.00 
27 0.00 
28 0.00 
29 0.00 
Pref:
1 148.70 1.0
2 91.84 1.0
3 0.00 0.0
4 68.82 1.0
5 0.00 0.0
6 28.09 1.0
lambda:
1 60.0 
2 30.0 
3 30.0 
4 30.0 
5 30.0 
6 30.0 
assets:
4 12.19 
5 12.19 
6 12.19 
* end dispatch *
DISPATCH 6
loads:
1 0.00 
2 0.00 
3 15.59 
4 15.59 
5 3.79 
6 3.79 
7 3.79 
8 9.65 
9 9.65 
10 3.79 
11 13.31 
12 21.82 
13 25.79 
14 7.76 
15 5.32 
16 7.71 
17 32.30 
18 32.30 
19 32.30 
20 32.30 
21 32.30 
22 21.02 
23 18.57 
24 0.00 
25 0.00 
26 0.00 
27 0.00 
28 0.00 
29 0.00 
Pref:
1 148.70 1.0
2 91.84 1.0
3 0.00 0.0
4 68.82 1.0
5 0.00 0.0
6 28.09 1.0
lambda:
1 60.0 
2 30.0 
3 30.0 
4 30.0 
5 30.0 
6 30.0 
assets:
4 12.15 
5 12.15 
6 12.15 
* end dispatch *
DISPATCH 7
loads:
1 0.00 
2 0.00 
3 15.46 
4 15.46 
5 3.76 
6 3.76 
7 3.76 
8 9.57 
9 9.57 
10 3.76 
11 13.21 
12 21.65 
13 25.59 
14 7.70 
15 5.28 
16 7.65 
17 32.05 
18 32.05 
19 32.05 
20 32.05 
21 32.05 
22 20.85 
23 18.42 
24 0.00 
25 0.00 
26 0.00 
27 0.00 
28 0.00 
29 0.00 
Pref:
1 153.34 1.0
2 66.83 1.0
3 0.00 0.0
4 50.08 1.0
5 0.00 0.0
6 29.88 1.0
lambda:
1 60.0 
2 30.0 
3 30.0 
4 30.0 
5 30.0 
6 30.0 
assets:
4 20.08 
5 20.08 
6 20.08 
* end dispatch *
DISPATCH 8
loads:
1 0.00 
2 0.00 
3 15.03 
4 15.03 
5 3.65 
6 3.65 
7 3.65 
8 9.31 
9 9.31 
10 3.65 
11 12.84 
12 21.05 
13 24.88 
14 7.49 
15 5.13 
16 7.44 
17 31.16 
18 31.16 
19 31.16 
20 31.16 
21 31.16 
22 20.27 
23 17.91 
24 0.00 
25 0.00 
26 0.00 
27 0.00 
28 0.00 
29 0.00 
Pref:
1 153.34 1.0
2 66.83 1.0
3 0.00 0.0
4 50.08 1.0
5 0.00 0.0
6 29.88 1.0
lambda:
1 60.0 
2 30.0 
3 30.0 
4 30.0 
5 30.0 
6 30.0 
assets:
4 11.26 
5 11.26 
6 11.26 
* end dispatch *
DISPATCH 9
loads:
1 0.00 
2 0.00 
3 14.93 
4 14.93 
5 3.63 
6 3.63 
7 3.63 
8 9.24 
9 9.24 
10 3.63 
11 12.75 
12 20.90 
13 24.70 
14 7.44 
15 5.10 
16 7.38 
17 30.94 
18 30.94 
19 30.94 
20 30.94 
21 30.94 
22 20.13 
23 17.78 
24 0.00 
25 0.00 
26 0.00 
27 0.00 
28 0.00 
29 0.00 
Pref:
1 153.34 1.0
2 66.83 1.0
3 0.00 0.0
4 50.08 1.0
5 0.00 0.0
6 29.88 1.0
lambda:
1 60.0 
2 30.0 
3 30.0 
4 30.0 
5 30.0 
6 30.0 
assets:
4 11.46 
5 11.46 
6 11.46 
* end dispatch *
DISPATCH 10
loads:
1 0.00 
2 0.00 
3 14.53 
4 14.53 
5 3.53 
6 3.53 
7 3.53 
8 9.00 
9 9.00 
10 3.53 
11 12.42 
12 20.34 
13 24.05 
14 7.24 
15 4.96 
16 7.19 
17 30.12 
18 30.12 
19 30.12 
20 30.12 
21 30.12 
22 19.60 
23 17.31 
24 0.00 
25 0.00 
26 0.00 
27 0.00 
28 0.00 
29 0.00 
Pref:
1 153.34 1.0
2 66.83 1.0
3 0.00 0.0
4 50.08 1.0
5 0.00 0.0
6 29.88 1.0
lambda:
1 60.0 
2 30.0 
3 30.0 
4 30.0 
5 30.0 
6 30.0 
assets:
4 8.79 
5 8.79 
6 8.79 
* end dispatch *
DISPATCH 11
loads:
1 0.00 
2 0.00 
3 14.42 
4 14.42 
5 3.50 
6 3.50 
7 3.50 
8 8.92 
9 8.92 
10 3.50 
11 12.32 
12 20.18 
13 23.85 
14 7.18 
15 4.92 
16 7.13 
17 29.88 
18 29.88 
19 29.88 
20 29.88 
21 29.88 
22 19.44 
23 17.18 
24 0.00 
25 0.00 
26 0.00 
27 0.00 
28 0.00 
29 0.00 
Pref:
1 153.34 1.0
2 66.83 1.0
3 0.00 0.0
4 50.08 1.0
5 0.00 0.0
6 29.88 1.0
lambda:
1 60.0 
2 30.0 
3 30.0 
4 30.0 
5 30.0 
6 30.0 
assets:
4 9.99 
5 9.99 
6 9.99 
* end dispatch *
DISPATCH 12
loads:
1 0.00 
2 0.00 
3 14.13 
4 14.13 
5 3.43 
6 3.43 
7 3.43 
8 8.75 
9 8.75 
10 3.43 
11 12.07 
12 19.78 
13 23.38 
14 7.04 
15 4.83 
16 6.99 
17 29.29 
18 29.29 
19 29.29 
20 29.29 
21 29.29 
22 19.06 
23 16.83 
24 0.00 
25 0.00 
26 0.00 
27 0.00 
28 0.00 
29 0.00 
Pref:
1 153.34 1.0
2 66.83 1.0
3 0.00 0.0
4 50.08 1.0
5 0.00 0.0
6 29.88 1.0
lambda:
1 60.0 
2 30.0 
3 30.0 
4 30.0 
5 30.0 
6 30.0 
assets:
4 10.16 
5 10.16 
6 10.16 
* end dispatch *
DISPATCH 13
loads:
1 0.00 
2 0.00 
3 14.09 
4 14.09 
5 3.42 
6 3.42 
7 3.42 
8 8.72 
9 8.72 
10 3.42 
11 12.04 
12 19.72 
13 23.31 
14 7.02 
15 4.81 
16 6.97 
17 29.20 
18 29.20 
19 29.20 
20 29.20 
21 29.20 
22 19.00 
23 16.79 
24 0.00 
25 0.00 
26 0.00 
27 0.00 
28 0.00 
29 0.00 
Pref:
1 135.48 1.0
2 55.67 1.0
3 0.00 0.0
4 41.72 1.0
5 0.00 0.0
6 29.45 1.0
lambda:
1 60.0 
2 30.0 
3 30.0 
4 30.0 
5 30.0 
6 30.0 
assets:
4 15.38 
5 15.38 
6 15.38 
* end dispatch *
DISPATCH 14
loads:
1 0.00 
2 0.00 
3 13.73 
4 13.73 
5 3.34 
6 3.34 
7 3.34 
8 8.50 
9 8.50 
10 3.34 
11 11.73 
12 19.22 
13 22.72 
14 6.84 
15 4.69 
16 6.79 
17 28.45 
18 28.45 
19 28.45 
20 28.45 
21 28.45 
22 18.51 
23 16.36 
24 0.00 
25 0.00 
26 0.00 
27 0.00 
28 0.00 
29 0.00 
Pref:
1 135.48 1.0
2 55.67 1.0
3 0.00 0.0
4 41.72 1.0
5 0.00 0.0
6 29.45 1.0
lambda:
1 60.0 
2 30.0 
3 30.0 
4 30.0 
5 30.0 
6 30.0 
assets:
4 19.15 
5 19.15 
6 19.15 
* end dispatch *
DISPATCH 15
loads:
1 0.00 
2 0.00 
3 13.43 
4 13.43 
5 3.26 
6 3.26 
7 3.26 
8 8.32 
9 8.32 
10 3.26 
11 11.48 
12 18.80 
13 22.23 
14 6.69 
15 4.59 
16 6.64 
17 27.84 
18 27.84 
19 27.84 
20 27.84 
21 27.84 
22 18.11 
23 16.00 
24 0.00 
25 0.00 
26 0.00 
27 0.00 
28 0.00 
29 0.00 
Pref:
1 135.48 1.0
2 55.67 1.0
3 0.00 0.0
4 41.72 1.0
5 0.00 0.0
6 29.45 1.0
lambda:
1 60.0 
2 30.0 
3 30.0 
4 30.0 
5 30.0 
6 30.0 
assets:
4 19.25 
5 19.25 
6 19.25 
* end dispatch *
DISPATCH 16
loads:
1 0.00 
2 0.00 
3 13.27 
4 13.27 
5 3.22 
6 3.22 
7 3.22 
8 8.21 
9 8.21 
10 3.22 
11 11.33 
12 18.57 
13 21.95 
14 6.61 
15 4.53 
16 6.56 
17 27.50 
18 27.50 
19 27.50 
20 27.50 
21 27.50 
22 17.89 
23 15.81 
24 0.00 
25 0.00 
26 0.00 
27 0.00 
28 0.00 
29 0.00 
Pref:
1 135.48 1.0
2 55.67 1.0
3 0.00 0.0
4 41.72 1.0
5 0.00 0.0
6 29.45 1.0
lambda:
1 60.0 
2 30.0 
3 30.0 
4 30.0 
5 30.0 
6 30.0 
assets:
4 11.89 
5 11.89 
6 11.89 
* end dispatch *
DISPATCH 17
loads:
1 0.00 
2 0.00 
3 13.12 
4 13.12 
5 3.19 
6 3.19 
7 3.19 
8 8.12 
9 8.12 
10 3.19 
11 11.21 
12 18.37 
13 21.72 
14 6.54 
15 4.48 
16 6.49 
17 27.20 
18 27.20 
19 27.20 
20 27.20 
21 27.20 
22 17.70 
23 15.64 
24 0.00 
25 0.00 
26 0.00 
27 0.00 
28 0.00 
29 0.00 
Pref:
1 135.48 1.0
2 55.67 1.0
3 0.00 0.0
4 41.72 1.0
5 0.00 0.0
6 29.45 1.0
lambda:
1 60.0 
2 30.0 
3 30.0 
4 30.0 
5 30.0 
6 30.0 
assets:
4 9.52 
5 9.52 
6 9.52 
* end dispatch *
DISPATCH 18
loads:
1 0.00 
2 0.00 
3 13.02 
4 13.02 
5 3.16 
6 3.16 
7 3.16 
8 8.06 
9 8.06 
10 3.16 
11 11.12 
12 18.23 
13 21.55 
14 6.49 
15 4.45 
16 6.44 
17 26.99 
18 26.99 
19 26.99 
20 26.99 
21 26.99 
22 17.56 
23 15.51 
24 0.00 
25 0.00 
26 0.00 
27 0.00 
28 0.00 
29 0.00 
Pref:
1 135.48 1.0
2 55.67 1.0
3 0.00 0.0
4 41.72 1.0
5 0.00 0.0
6 29.45 1.0
lambda:
1 60.0 
2 30.0 
3 30.0 
4 30.0 
5 30.0 
6 30.0 
assets:
4 13.19 
5 13.19 
6 13.19 
* end dispatch *
DISPATCH 19
loads:
1 0.00 
2 0.00 
3 12.86 
4 12.86 
5 3.12 
6 3.12 
7 3.12 
8 7.96 
9 7.96 
10 3.12 
11 10.98 
12 18.00 
13 21.27 
14 6.40 
15 4.39 
16 6.36 
17 26.64 
18 26.64 
19 26.64 
20 26.64 
21 26.64 
22 17.34 
23 15.32 
24 0.00 
25 0.00 
26 0.00 
27 0.00 
28 0.00 
29 0.00 
Pref:
1 147.00 1.0
2 47.36 1.0
3 0.00 0.0
4 35.49 1.0
5 0.00 0.0
6 30.08 1.0
lambda:
1 60.0 
2 30.0 
3 30.0 
4 30.0 
5 30.0 
6 30.0 
assets:
4 11.79 
5 11.79 
6 11.79 
* end dispatch *
DISPATCH 20
loads:
1 0.00 
2 0.00 
3 12.75 
4 12.75 
5 3.10 
6 3.10 
7 3.10 
8 7.89 
9 7.89 
10 3.10 
11 10.89 
12 17.85 
13 21.10 
14 6.35 
15 4.35 
16 6.31 
17 26.43 
18 26.43 
19 26.43 
20 26.43 
21 26.43 
22 17.20 
23 15.19 
24 0.00 
25 0.00 
26 0.00 
27 0.00 
28 0.00 
29 0.00 
Pref:
1 147.00 1.0
2 47.36 1.0
3 0.00 0.0
4 35.49 1.0
5 0.00 0.0
6 30.08 1.0
lambda:
1 60.0 
2 30.0 
3 30.0 
4 30.0 
5 30.0 
6 30.0 
assets:
4 11.95 
5 11.95 
6 11.95 
* end dispatch *
DISPATCH 21
loads:
1 0.00 
2 0.00 
3 12.70 
4 12.70 
5 3.08 
6 3.08 
7 3.08 
8 7.86 
9 7.86 
10 3.08 
11 10.85 
12 17.77 
13 21.01 
14 6.32 
15 4.33 
16 6.28 
17 26.31 
18 26.31 
19 26.31 
20 26.31 
21 26.31 
22 17.12 
23 15.12 
24 0.00 
25 0.00 
26 0.00 
27 0.00 
28 0.00 
29 0.00 
Pref:
1 147.00 1.0
2 47.36 1.0
3 0.00 0.0
4 35.49 1.0
5 0.00 0.0
6 30.08 1.0
lambda:
1 60.0 
2 30.0 
3 30.0 
4 30.0 
5 30.0 
6 30.0 
assets:
4 7.49 
5 7.49 
6 7.49 
* end dispatch *
DISPATCH 22
loads:
1 0.00 
2 0.00 
3 12.69 
4 12.69 
5 3.08 
6 3.08 
7 3.08 
8 7.86 
9 7.86 
10 3.08 
11 10.84 
12 17.76 
13 21.00 
14 6.32 
15 4.33 
16 6.28 
17 26.30 
18 26.30 
19 26.30 
20 26.30 
21 26.30 
22 17.11 
23 15.12 
24 0.00 
25 0.00 
26 0.00 
27 0.00 
28 0.00 
29 0.00 
Pref:
1 147.00 1.0
2 47.36 1.0
3 0.00 0.0
4 35.49 1.0
5 0.00 0.0
6 30.08 1.0
lambda:
1 60.0 
2 30.0 
3 30.0 
4 30.0 
5 30.0 
6 30.0 
assets:
4 7.86 
5 7.86 
6 7.86 
* end dispatch *
DISPATCH 23
loads:
1 0.00 
2 0.00 
3 12.58 
4 12.58 
5 3.06 
6 3.06 
7 3.06 
8 7.79 
9 7.79 
10 3.06 
11 10.75 
12 17.61 
13 20.82 
14 6.27 
15 4.30 
16 6.22 
17 26.08 
18 26.08 
19 26.08 
20 26.08 
21 26.08 
22 16.97 
23 14.99 
24 0.00 
25 0.00 
26 0.00 
27 0.00 
28 0.00 
29 0.00 
Pref:
1 147.00 1.0
2 47.36 1.0
3 0.00 0.0
4 35.49 1.0
5 0.00 0.0
6 30.08 1.0
lambda:
1 60.0 
2 30.0 
3 30.0 
4 30.0 
5 30.0 
6 30.0 
assets:
4 8.69 
5 8.69 
6 8.69 
* end dispatch *
DISPATCH 24
loads:
1 0.00 
2 0.00 
3 12.58 
4 12.58 
5 3.06 
6 3.06 
7 3.06 
8 7.79 
9 7.79 
10 3.06 
11 10.75 
12 17.61 
13 20.82 
14 6.27 
15 4.30 
16 6.22 
17 26.08 
18 26.08 
19 26.08 
20 26.08 
21 26.08 
22 16.97 
23 14.99 
24 0.00 
25 0.00 
26 0.00 
27 0.00 
28 0.00 
29 0.00 
Pref:
1 147.00 1.0
2 47.36 1.0
3 0.00 0.0
4 35.49 1.0
5 0.00 0.0
6 30.08 1.0
lambda:
1 60.0 
2 30.0 
3 30.0 
4 30.0 
5 30.0 
6 30.0 
assets:
4 11.56 
5 11.56 
6 11.56 
* end dispatch *
DISPATCH 25
loads:
1 0.00 
2 0.00 
3 12.45 
4 12.45 
5 3.03 
6 3.03 
7 3.03 
8 7.71 
9 7.71 
10 3.03 
11 10.64 
12 17.43 
13 20.61 
14 6.20 
15 4.25 
16 6.16 
17 25.81 
18 25.81 
19 25.81 
20 25.81 
21 25.81 
22 16.79 
23 14.84 
24 0.00 
25 0.00 
26 0.00 
27 0.00 
28 0.00 
29 0.00 
Pref:
1 140.00 1.0
2 47.73 1.0
3 0.00 0.0
4 35.77 1.0
5 0.00 0.0
6 31.21 1.0
lambda:
1 60.0 
2 30.0 
3 30.0 
4 30.0 
5 30.0 
6 30.0 
assets:
4 12.32 
5 12.32 
6 12.32 
* end dispatch *
DISPATCH 26
loads:
1 0.00 
2 0.00 
3 12.47 
4 12.47 
5 3.03 
6 3.03 
7 3.03 
8 7.72 
9 7.72 
10 3.03 
11 10.65 
12 17.46 
13 20.64 
14 6.21 
15 4.26 
16 6.17 
17 25.85 
18 25.85 
19 25.85 
20 25.85 
21 25.85 
22 16.82 
23 14.86 
24 0.00 
25 0.00 
26 0.00 
27 0.00 
28 0.00 
29 0.00 
Pref:
1 140.00 1.0
2 47.73 1.0
3 0.00 0.0
4 35.77 1.0
5 0.00 0.0
6 31.21 1.0
lambda:
1 60.0 
2 30.0 
3 30.0 
4 30.0 
5 30.0 
6 30.0 
assets:
4 11.59 
5 11.59 
6 11.59 
* end dispatch *
DISPATCH 27
loads:
1 0.00 
2 0.00 
3 12.62 
4 12.62 
5 3.07 
6 3.07 
7 3.07 
8 7.81 
9 7.81 
10 3.07 
11 10.78 
12 17.67 
13 20.89 
14 6.29 
15 4.31 
16 6.24 
17 26.16 
18 26.16 
19 26.16 
20 26.16 
21 26.16 
22 17.02 
23 15.04 
24 0.00 
25 0.00 
26 0.00 
27 0.00 
28 0.00 
29 0.00 
Pref:
1 140.00 1.0
2 47.73 1.0
3 0.00 0.0
4 35.77 1.0
5 0.00 0.0
6 31.21 1.0
lambda:
1 60.0 
2 30.0 
3 30.0 
4 30.0 
5 30.0 
6 30.0 
assets:
4 12.62 
5 12.62 
6 12.62 
* end dispatch *
DISPATCH 28
loads:
1 0.00 
2 0.00 
3 12.40 
4 12.40 
5 3.01 
6 3.01 
7 3.01 
8 7.67 
9 7.67 
10 3.01 
11 10.59 
12 17.35 
13 20.51 
14 6.17 
15 4.23 
16 6.13 
17 25.69 
18 25.69 
19 25.69 
20 25.69 
21 25.69 
22 16.72 
23 14.77 
24 0.00 
25 0.00 
26 0.00 
27 0.00 
28 0.00 
29 0.00 
Pref:
1 140.00 1.0
2 47.73 1.0
3 0.00 0.0
4 35.77 1.0
5 0.00 0.0
6 31.21 1.0
lambda:
1 60.0 
2 30.0 
3 30.0 
4 30.0 
5 30.0 
6 30.0 
assets:
4 7.76 
5 7.76 
6 7.76 
* end dispatch *
DISPATCH 29
loads:
1 0.00 
2 0.00 
3 12.40 
4 12.40 
5 3.01 
6 3.01 
7 3.01 
8 7.67 
9 7.67 
10 3.01 
11 10.59 
12 17.35 
13 20.51 
14 6.17 
15 4.23 
16 6.13 
17 25.69 
18 25.69 
19 25.69 
20 25.69 
21 25.69 
22 16.72 
23 14.77 
24 0.00 
25 0.00 
26 0.00 
27 0.00 
28 0.00 
29 0.00 
Pref:
1 140.00 1.0
2 47.73 1.0
3 0.00 0.0
4 35.77 1.0
5 0.00 0.0
6 31.21 1.0
lambda:
1 60.0 
2 30.0 
3 30.0 
4 30.0 
5 30.0 
6 30.0 
assets:
4 8.52 
5 8.52 
6 8.52 
* end dispatch *
DISPATCH 30
loads:
1 0.00 
2 0.00 
3 12.35 
4 12.35 
5 3.00 
6 3.00 
7 3.00 
8 7.64 
9 7.64 
10 3.00 
11 10.55 
12 17.28 
13 20.43 
14 6.15 
15 4.22 
16 6.11 
17 25.59 
18 25.59 
19 25.59 
20 25.59 
21 25.59 
22 16.65 
23 14.71 
24 0.00 
25 0.00 
26 0.00 
27 0.00 
28 0.00 
29 0.00 
Pref:
1 140.00 1.0
2 47.73 1.0
3 0.00 0.0
4 35.77 1.0
5 0.00 0.0
6 31.21 1.0
lambda:
1 60.0 
2 30.0 
3 30.0 
4 30.0 
5 30.0 
6 30.0 
assets:
4 6.19 
5 6.19 
6 6.19 
* end dispatch *
DISPATCH 31
loads:
1 0.00 
2 0.00 
3 12.38 
4 12.38 
5 3.01 
6 3.01 
7 3.01 
8 7.66 
9 7.66 
10 3.01 
11 10.57 
12 17.33 
13 20.48 
14 6.17 
15 4.23 
16 6.12 
17 25.65 
18 25.65 
19 25.65 
20 25.65 
21 25.65 
22 16.69 
23 14.75 
24 0.00 
25 0.00 
26 0.00 
27 0.00 
28 0.00 
29 0.00 
Pref:
1 136.06 1.0
2 55.60 1.0
3 0.00 0.0
4 41.66 1.0
5 0.00 0.0
6 32.32 1.0
lambda:
1 60.0 
2 30.0 
3 30.0 
4 30.0 
5 30.0 
6 30.0 
assets:
4 4.26 
5 4.26 
6 4.26 
* end dispatch *
DISPATCH 32
loads:
1 0.00 
2 0.00 
3 12.36 
4 12.36 
5 3.00 
6 3.00 
7 3.00 
8 7.65 
9 7.65 
10 3.00 
11 10.56 
12 17.30 
13 20.45 
14 6.16 
15 4.22 
16 6.11 
17 25.62 
18 25.62 
19 25.62 
20 25.62 
21 25.62 
22 16.67 
23 14.72 
24 0.00 
25 0.00 
26 0.00 
27 0.00 
28 0.00 
29 0.00 
Pref:
1 136.06 1.0
2 55.60 1.0
3 0.00 0.0
4 41.66 1.0
5 0.00 0.0
6 32.32 1.0
lambda:
1 60.0 
2 30.0 
3 30.0 
4 30.0 
5 30.0 
6 30.0 
assets:
4 4.16 
5 4.16 
6 4.16 
* end dispatch *
DISPATCH 33
loads:
1 0.00 
2 0.00 
3 12.53 
4 12.53 
5 3.04 
6 3.04 
7 3.04 
8 7.75 
9 7.75 
10 3.04 
11 10.70 
12 17.53 
13 20.72 
14 6.24 
15 4.28 
16 6.19 
17 25.96 
18 25.96 
19 25.96 
20 25.96 
21 25.96 
22 16.89 
23 14.92 
24 0.00 
25 0.00 
26 0.00 
27 0.00 
28 0.00 
29 0.00 
Pref:
1 136.06 1.0
2 55.60 1.0
3 0.00 0.0
4 41.66 1.0
5 0.00 0.0
6 32.32 1.0
lambda:
1 60.0 
2 30.0 
3 30.0 
4 30.0 
5 30.0 
6 30.0 
assets:
4 4.56 
5 4.56 
6 4.56 
* end dispatch *
DISPATCH 34
loads:
1 0.00 
2 0.00 
3 12.53 
4 12.53 
5 3.04 
6 3.04 
7 3.04 
8 7.75 
9 7.75 
10 3.04 
11 10.70 
12 17.53 
13 20.72 
14 6.24 
15 4.28 
16 6.19 
17 25.96 
18 25.96 
19 25.96 
20 25.96 
21 25.96 
22 16.89 
23 14.92 
24 0.00 
25 0.00 
26 0.00 
27 0.00 
28 0.00 
29 0.00 
Pref:
1 136.06 1.0
2 55.60 1.0
3 0.00 0.0
4 41.66 1.0
5 0.00 0.0
6 32.32 1.0
lambda:
1 60.0 
2 30.0 
3 30.0 
4 30.0 
5 30.0 
6 30.0 
assets:
4 4.33 
5 4.33 
6 4.33 
* end dispatch *
DISPATCH 35
loads:
1 0.00 
2 0.00 
3 12.58 
4 12.58 
5 3.06 
6 3.06 
7 3.06 
8 7.79 
9 7.79 
10 3.06 
11 10.75 
12 17.61 
13 20.81 
14 6.27 
15 4.30 
16 6.22 
17 26.07 
18 26.07 
19 26.07 
20 26.07 
21 26.07 
22 16.96 
23 14.99 
24 0.00 
25 0.00 
26 0.00 
27 0.00 
28 0.00 
29 0.00 
Pref:
1 136.06 1.0
2 55.60 1.0
3 0.00 0.0
4 41.66 1.0
5 0.00 0.0
6 32.32 1.0
lambda:
1 60.0 
2 30.0 
3 30.0 
4 30.0 
5 30.0 
6 30.0 
assets:
4 6.53 
5 6.53 
6 6.53 
* end dispatch *
DISPATCH 36
loads:
1 0.00 
2 0.00 
3 12.70 
4 12.70 
5 3.09 
6 3.09 
7 3.09 
8 7.86 
9 7.86 
10 3.09 
11 10.85 
12 17.78 
13 21.01 
14 6.33 
15 4.34 
16 6.28 
17 26.32 
18 26.32 
19 26.32 
20 26.32 
21 26.32 
22 17.13 
23 15.13 
24 0.00 
25 0.00 
26 0.00 
27 0.00 
28 0.00 
29 0.00 
Pref:
1 136.06 1.0
2 55.60 1.0
3 0.00 0.0
4 41.66 1.0
5 0.00 0.0
6 32.32 1.0
lambda:
1 60.0 
2 30.0 
3 30.0 
4 30.0 
5 30.0 
6 30.0 
assets:
4 7.36 
5 7.36 
6 7.36 
* end dispatch *
DISPATCH 37
loads:
1 0.00 
2 0.00 
3 12.88 
4 12.88 
5 3.13 
6 3.13 
7 3.13 
8 7.97 
9 7.97 
10 3.13 
11 11.00 
12 18.03 
13 21.31 
14 6.42 
15 4.40 
16 6.37 
17 26.69 
18 26.69 
19 26.69 
20 26.69 
21 26.69 
22 17.37 
23 15.34 
24 0.00 
25 0.00 
26 0.00 
27 0.00 
28 0.00 
29 0.00 
Pref:
1 112.92 1.0
2 56.45 1.0
3 0.00 0.0
4 42.30 1.0
5 0.00 0.0
6 33.02 1.0
lambda:
1 60.0 
2 30.0 
3 30.0 
4 30.0 
5 30.0 
6 30.0 
assets:
4 9.19 
5 9.19 
6 9.19 
* end dispatch *
DISPATCH 38
loads:
1 0.00 
2 0.00 
3 12.78 
4 12.78 
5 3.10 
6 3.10 
7 3.10 
8 7.91 
9 7.91 
10 3.10 
11 10.91 
12 17.88 
13 21.14 
14 6.36 
15 4.36 
16 6.32 
17 26.48 
18 26.48 
19 26.48 
20 26.48 
21 26.48 
22 17.23 
23 15.22 
24 0.00 
25 0.00 
26 0.00 
27 0.00 
28 0.00 
29 0.00 
Pref:
1 112.92 1.0
2 56.45 1.0
3 0.00 0.0
4 42.30 1.0
5 0.00 0.0
6 33.02 1.0
lambda:
1 60.0 
2 30.0 
3 30.0 
4 30.0 
5 30.0 
6 30.0 
assets:
4 11.32 
5 11.32 
6 11.32 
* end dispatch *
DISPATCH 39
loads:
1 0.00 
2 0.00 
3 12.82 
4 12.82 
5 3.11 
6 3.11 
7 3.11 
8 7.93 
9 7.93 
10 3.11 
11 10.95 
12 17.94 
13 21.21 
14 6.38 
15 4.38 
16 6.34 
17 26.56 
18 26.56 
19 26.56 
20 26.56 
21 26.56 
22 17.28 
23 15.27 
24 0.00 
25 0.00 
26 0.00 
27 0.00 
28 0.00 
29 0.00 
Pref:
1 112.92 1.0
2 56.45 1.0
3 0.00 0.0
4 42.30 1.0
5 0.00 0.0
6 33.02 1.0
lambda:
1 60.0 
2 30.0 
3 30.0 
4 30.0 
5 30.0 
6 30.0 
assets:
4 16.35 
5 16.35 
6 16.35 
* end dispatch *
DISPATCH 40
loads:
1 0.00 
2 0.00 
3 12.87 
4 12.87 
5 3.13 
6 3.13 
7 3.13 
8 7.97 
9 7.97 
10 3.13 
11 11.00 
12 18.02 
13 21.30 
14 6.41 
15 4.40 
16 6.37 
17 26.68 
18 26.68 
19 26.68 
20 26.68 
21 26.68 
22 17.36 
23 15.34 
24 0.00 
25 0.00 
26 0.00 
27 0.00 
28 0.00 
29 0.00 
Pref:
1 112.92 1.0
2 56.45 1.0
3 0.00 0.0
4 42.30 1.0
5 0.00 0.0
6 33.02 1.0
lambda:
1 60.0 
2 30.0 
3 30.0 
4 30.0 
5 30.0 
6 30.0 
assets:
4 14.89 
5 14.89 
6 14.89 
* end dispatch *
DISPATCH 41
loads:
1 0.00 
2 0.00 
3 13.11 
4 13.11 
5 3.19 
6 3.19 
7 3.19 
8 8.12 
9 8.12 
10 3.19 
11 11.20 
12 18.35 
13 21.69 
14 6.53 
15 4.48 
16 6.48 
17 27.17 
18 27.17 
19 27.17 
20 27.17 
21 27.17 
22 17.68 
23 15.62 
24 0.00 
25 0.00 
26 0.00 
27 0.00 
28 0.00 
29 0.00 
Pref:
1 112.92 1.0
2 56.45 1.0
3 0.00 0.0
4 42.30 1.0
5 0.00 0.0
6 33.02 1.0
lambda:
1 60.0 
2 30.0 
3 30.0 
4 30.0 
5 30.0 
6 30.0 
assets:
4 10.12 
5 10.12 
6 10.12 
* end dispatch *
DISPATCH 42
loads:
1 0.00 
2 0.00 
3 13.41 
4 13.41 
5 3.26 
6 3.26 
7 3.26 
8 8.30 
9 8.30 
10 3.26 
11 11.46 
12 18.77 
13 22.19 
14 6.68 
15 4.58 
16 6.63 
17 27.79 
18 27.79 
19 27.79 
20 27.79 
21 27.79 
22 18.08 
23 15.98 
24 0.00 
25 0.00 
26 0.00 
27 0.00 
28 0.00 
29 0.00 
Pref:
1 112.92 1.0
2 56.45 1.0
3 0.00 0.0
4 42.30 1.0
5 0.00 0.0
6 33.02 1.0
lambda:
1 60.0 
2 30.0 
3 30.0 
4 30.0 
5 30.0 
6 30.0 
assets:
4 12.09 
5 12.09 
6 12.09 
* end dispatch *
DISPATCH 43
loads:
1 0.00 
2 0.00 
3 13.73 
4 13.73 
5 3.34 
6 3.34 
7 3.34 
8 8.50 
9 8.50 
10 3.34 
11 11.73 
12 19.22 
13 22.72 
14 6.84 
15 4.69 
16 6.79 
17 28.45 
18 28.45 
19 28.45 
20 28.45 
21 28.45 
22 18.51 
23 16.36 
24 0.00 
25 0.00 
26 0.00 
27 0.00 
28 0.00 
29 0.00 
Pref:
1 153.17 1.0
2 70.00 1.0
3 0.00 0.0
4 52.45 1.0
5 0.00 0.0
6 33.97 1.0
lambda:
1 60.0 
2 30.0 
3 30.0 
4 30.0 
5 30.0 
6 30.0 
assets:
4 9.52 
5 9.52 
6 9.52 
* end dispatch *
DISPATCH 44
loads:
1 0.00 
2 0.00 
3 14.14 
4 14.14 
5 3.44 
6 3.44 
7 3.44 
8 8.76 
9 8.76 
10 3.44 
11 12.08 
12 19.80 
13 23.40 
14 7.05 
15 4.83 
16 6.99 
17 29.31 
18 29.31 
19 29.31 
20 29.31 
21 29.31 
22 19.07 
23 16.85 
24 0.00 
25 0.00 
26 0.00 
27 0.00 
28 0.00 
29 0.00 
Pref:
1 153.17 1.0
2 70.00 1.0
3 0.00 0.0
4 52.45 1.0
5 0.00 0.0
6 33.97 1.0
lambda:
1 60.0 
2 30.0 
3 30.0 
4 30.0 
5 30.0 
6 30.0 
assets:
4 9.72 
5 9.72 
6 9.72 
* end dispatch *
DISPATCH 45
loads:
1 0.00 
2 0.00 
3 14.62 
4 14.62 
5 3.55 
6 3.55 
7 3.55 
8 9.05 
9 9.05 
10 3.55 
11 12.49 
12 20.46 
13 24.19 
14 7.28 
15 4.99 
16 7.23 
17 30.30 
18 30.30 
19 30.30 
20 30.30 
21 30.30 
22 19.71 
23 17.42 
24 0.00 
25 0.00 
26 0.00 
27 0.00 
28 0.00 
29 0.00 
Pref:
1 153.17 1.0
2 70.00 1.0
3 0.00 0.0
4 52.45 1.0
5 0.00 0.0
6 33.97 1.0
lambda:
1 60.0 
2 30.0 
3 30.0 
4 30.0 
5 30.0 
6 30.0 
assets:
4 11.49 
5 11.49 
6 11.49 
* end dispatch *
DISPATCH 46
loads:
1 0.00 
2 0.00 
3 14.95 
4 14.95 
5 3.63 
6 3.63 
7 3.63 
8 9.25 
9 9.25 
10 3.63 
11 12.77 
12 20.93 
13 24.74 
14 7.45 
15 5.10 
16 7.39 
17 30.98 
18 30.98 
19 30.98 
20 30.98 
21 30.98 
22 20.16 
23 17.81 
24 0.00 
25 0.00 
26 0.00 
27 0.00 
28 0.00 
29 0.00 
Pref:
1 153.17 1.0
2 70.00 1.0
3 0.00 0.0
4 52.45 1.0
5 0.00 0.0
6 33.97 1.0
lambda:
1 60.0 
2 30.0 
3 30.0 
4 30.0 
5 30.0 
6 30.0 
assets:
4 10.82 
5 10.82 
6 10.82 
* end dispatch *
DISPATCH 47
loads:
1 0.00 
2 0.00 
3 15.64 
4 15.64 
5 3.80 
6 3.80 
7 3.80 
8 9.68 
9 9.68 
10 3.80 
11 13.36 
12 21.90 
13 25.88 
14 7.79 
15 5.34 
16 7.74 
17 32.42 
18 32.42 
19 32.42 
20 32.42 
21 32.42 
22 21.09 
23 18.64 
24 0.00 
25 0.00 
26 0.00 
27 0.00 
28 0.00 
29 0.00 
Pref:
1 153.17 1.0
2 70.00 1.0
3 0.00 0.0
4 52.45 1.0
5 0.00 0.0
6 33.97 1.0
lambda:
1 60.0 
2 30.0 
3 30.0 
4 30.0 
5 30.0 
6 30.0 
assets:
4 16.18 
5 16.18 
6 16.18 
* end dispatch *
DISPATCH 48
loads:
1 0.00 
2 0.00 
3 16.04 
4 16.04 
5 3.90 
6 3.90 
7 3.90 
8 9.93 
9 9.93 
10 3.90 
11 13.70 
12 22.45 
13 26.53 
14 7.99 
15 5.48 
16 7.93 
17 33.24 
18 33.24 
19 33.24 
20 33.24 
21 33.24 
22 21.63 
23 19.10 
24 0.00 
25 0.00 
26 0.00 
27 0.00 
28 0.00 
29 0.00 
Pref:
1 153.17 1.0
2 70.00 1.0
3 0.00 0.0
4 52.45 1.0
5 0.00 0.0
6 33.97 1.0
lambda:
1 60.0 
2 30.0 
3 30.0 
4 30.0 
5 30.0 
6 30.0 
assets:
4 14.12 
5 14.12 
6 14.12 
* end dispatch *
DISPATCH 49
loads:
1 0.00 
2 0.00 
3 16.69 
4 16.69 
5 4.05 
6 4.05 
7 4.05 
8 10.33 
9 10.33 
10 4.05 
11 14.25 
12 23.36 
13 27.61 
14 8.31 
15 5.70 
16 8.25 
17 34.58 
18 34.58 
19 34.58 
20 34.58 
21 34.58 
22 22.50 
23 19.88 
24 0.00 
25 0.00 
26 0.00 
27 0.00 
28 0.00 
29 0.00 
Pref:
1 154.73 1.0
2 97.95 1.0
3 0.00 0.0
4 73.40 1.0
5 0.00 0.0
6 33.42 1.0
lambda:
1 60.0 
2 30.0 
3 30.0 
4 30.0 
5 30.0 
6 30.0 
assets:
4 16.65 
5 16.65 
6 16.65 
* end dispatch *
DISPATCH 50
loads:
1 0.00 
2 0.00 
3 17.20 
4 17.20 
5 4.18 
6 4.18 
7 4.18 
8 10.64 
9 10.64 
10 4.18 
11 14.69 
12 24.07 
13 28.45 
14 8.57 
15 5.87 
16 8.50 
17 35.64 
18 35.64 
19 35.64 
20 35.64 
21 35.64 
22 23.19 
23 20.49 
24 0.00 
25 0.00 
26 0.00 
27 0.00 
28 0.00 
29 0.00 
Pref:
1 154.73 1.0
2 97.95 1.0
3 0.00 0.0
4 73.40 1.0
5 0.00 0.0
6 33.42 1.0
lambda:
1 60.0 
2 30.0 
3 30.0 
4 30.0 
5 30.0 
6 30.0 
assets:
4 11.92 
5 11.92 
6 11.92 
* end dispatch *
DISPATCH 51
loads:
1 0.00 
2 0.00 
3 17.83 
4 17.83 
5 4.33 
6 4.33 
7 4.33 
8 11.04 
9 11.04 
10 4.33 
11 15.23 
12 24.96 
13 29.50 
14 8.88 
15 6.09 
16 8.82 
17 36.95 
18 36.95 
19 36.95 
20 36.95 
21 36.95 
22 24.04 
23 21.24 
24 0.00 
25 0.00 
26 0.00 
27 0.00 
28 0.00 
29 0.00 
Pref:
1 154.73 1.0
2 97.95 1.0
3 0.00 0.0
4 73.40 1.0
5 0.00 0.0
6 33.42 1.0
lambda:
1 60.0 
2 30.0 
3 30.0 
4 30.0 
5 30.0 
6 30.0 
assets:
4 10.79 
5 10.79 
6 10.79 
* end dispatch *
DISPATCH 52
loads:
1 0.00 
2 0.00 
3 18.22 
4 18.22 
5 4.43 
6 4.43 
7 4.43 
8 11.28 
9 11.28 
10 4.43 
11 15.56 
12 25.50 
13 30.14 
14 9.07 
15 6.22 
16 9.01 
17 37.75 
18 37.75 
19 37.75 
20 37.75 
21 37.75 
22 24.56 
23 21.70 
24 0.00 
25 0.00 
26 0.00 
27 0.00 
28 0.00 
29 0.00 
Pref:
1 154.73 1.0
2 97.95 1.0
3 0.00 0.0
4 73.40 1.0
5 0.00 0.0
6 33.42 1.0
lambda:
1 60.0 
2 30.0 
3 30.0 
4 30.0 
5 30.0 
6 30.0 
assets:
4 13.89 
5 13.89 
6 13.89 
* end dispatch *
DISPATCH 53
loads:
1 0.00 
2 0.00 
3 17.92 
4 17.92 
5 4.35 
6 4.35 
7 4.35 
8 11.09 
9 11.09 
10 4.35 
11 15.30 
12 25.08 
13 29.64 
14 8.92 
15 6.12 
16 8.86 
17 37.13 
18 37.13 
19 37.13 
20 37.13 
21 37.13 
22 24.16 
23 21.34 
24 0.00 
25 0.00 
26 0.00 
27 0.00 
28 0.00 
29 0.00 
Pref:
1 154.73 1.0
2 97.95 1.0
3 0.00 0.0
4 73.40 1.0
5 0.00 0.0
6 33.42 1.0
lambda:
1 60.0 
2 30.0 
3 30.0 
4 30.0 
5 30.0 
6 30.0 
assets:
4 12.19 
5 12.19 
6 12.19 
* end dispatch *
DISPATCH 54
loads:
1 0.00 
2 0.00 
3 18.18 
4 18.18 
5 4.42 
6 4.42 
7 4.42 
8 11.25 
9 11.25 
10 4.42 
11 15.53 
12 25.45 
13 30.08 
14 9.06 
15 6.21 
16 8.99 
17 37.68 
18 37.68 
19 37.68 
20 37.68 
21 37.68 
22 24.52 
23 21.66 
24 0.00 
25 0.00 
26 0.00 
27 0.00 
28 0.00 
29 0.00 
Pref:
1 154.73 1.0
2 97.95 1.0
3 0.00 0.0
4 73.40 1.0
5 0.00 0.0
6 33.42 1.0
lambda:
1 60.0 
2 30.0 
3 30.0 
4 30.0 
5 30.0 
6 30.0 
assets:
4 16.08 
5 16.08 
6 16.08 
* end dispatch *
DISPATCH 55
loads:
1 0.00 
2 0.00 
3 18.22 
4 18.22 
5 4.43 
6 4.43 
7 4.43 
8 11.28 
9 11.28 
10 4.43 
11 15.57 
12 25.51 
13 30.15 
14 9.08 
15 6.22 
16 9.01 
17 37.77 
18 37.77 
19 37.77 
20 37.77 
21 37.77 
22 24.58 
23 21.71 
24 0.00 
25 0.00 
26 0.00 
27 0.00 
28 0.00 
29 0.00 
Pref:
1 156.91 1.0
2 102.80 1.0
3 0.00 0.0
4 77.03 1.0
5 0.00 0.0
6 32.77 1.0
lambda:
1 60.0 
2 30.0 
3 30.0 
4 30.0 
5 30.0 
6 30.0 
assets:
4 16.32 
5 16.32 
6 16.32 
* end dispatch *
DISPATCH 56
loads:
1 0.00 
2 0.00 
3 18.57 
4 18.57 
5 4.51 
6 4.51 
7 4.51 
8 11.50 
9 11.50 
10 4.51 
11 15.87 
12 26.00 
13 30.73 
14 9.25 
15 6.34 
16 9.18 
17 38.49 
18 38.49 
19 38.49 
20 38.49 
21 38.49 
22 25.05 
23 22.13 
24 0.00 
25 0.00 
26 0.00 
27 0.00 
28 0.00 
29 0.00 
Pref:
1 156.91 1.0
2 102.80 1.0
3 0.00 0.0
4 77.03 1.0
5 0.00 0.0
6 32.77 1.0
lambda:
1 60.0 
2 30.0 
3 30.0 
4 30.0 
5 30.0 
6 30.0 
assets:
4 15.72 
5 15.72 
6 15.72 
* end dispatch *
DISPATCH 57
loads:
1 0.00 
2 0.00 
3 18.85 
4 18.85 
5 4.58 
6 4.58 
7 4.58 
8 11.67 
9 11.67 
10 4.58 
11 16.10 
12 26.39 
13 31.19 
14 9.39 
15 6.44 
16 9.32 
17 39.07 
18 39.07 
19 39.07 
20 39.07 
21 39.07 
22 25.42 
23 22.46 
24 0.00 
25 0.00 
26 0.00 
27 0.00 
28 0.00 
29 0.00 
Pref:
1 156.91 1.0
2 102.80 1.0
3 0.00 0.0
4 77.03 1.0
5 0.00 0.0
6 32.77 1.0
lambda:
1 60.0 
2 30.0 
3 30.0 
4 30.0 
5 30.0 
6 30.0 
assets:
1 0.27 
2 0.27 
3 0.27 
4 18.85 
5 18.85 
6 18.85 
* end dispatch *
DISPATCH 58
loads:
1 0.00 
2 0.00 
3 19.05 
4 19.05 
5 4.63 
6 4.63 
7 4.63 
8 11.79 
9 11.79 
10 4.63 
11 16.28 
12 26.67 
13 31.52 
14 9.49 
15 6.51 
16 9.42 
17 39.48 
18 39.48 
19 39.48 
20 39.48 
21 39.48 
22 25.69 
23 22.70 
24 0.00 
25 0.00 
26 0.00 
27 0.00 
28 0.00 
29 0.00 
Pref:
1 156.91 1.0
2 102.80 1.0
3 0.00 0.0
4 77.03 1.0
5 0.00 0.0
6 32.77 1.0
lambda:
1 60.0 
2 30.0 
3 30.0 
4 30.0 
5 30.0 
6 30.0 
assets:
1 0.43 
2 0.43 
3 0.43 
4 18.81 
5 18.81 
6 18.81 
* end dispatch *
DISPATCH 59
loads:
1 0.00 
2 0.00 
3 19.40 
4 19.40 
5 4.71 
6 4.71 
7 4.71 
8 12.01 
9 12.01 
10 4.71 
11 16.57 
12 27.16 
13 32.10 
14 9.66 
15 6.62 
16 9.59 
17 40.21 
18 40.21 
19 40.21 
20 40.21 
21 40.21 
22 26.16 
23 23.11 
24 0.00 
25 0.00 
26 0.00 
27 0.00 
28 0.00 
29 0.00 
Pref:
1 156.91 1.0
2 102.80 1.0
3 0.00 0.0
4 77.03 1.0
5 0.00 0.0
6 32.77 1.0
lambda:
1 60.0 
2 30.0 
3 30.0 
4 30.0 
5 30.0 
6 30.0 
assets:
1 0.47 
2 0.47 
3 0.47 
4 19.48 
5 19.48 
6 19.48 
* end dispatch *
DISPATCH 60
loads:
1 0.00 
2 0.00 
3 19.53 
4 19.53 
5 4.74 
6 4.74 
7 4.74 
8 12.09 
9 12.09 
10 4.74 
11 16.68 
12 27.34 
13 32.31 
14 9.73 
15 6.67 
16 9.66 
17 40.48 
18 40.48 
19 40.48 
20 40.48 
21 40.48 
22 26.34 
23 23.27 
24 0.00 
25 0.00 
26 0.00 
27 0.00 
28 0.00 
29 0.00 
Pref:
1 156.91 1.0
2 102.80 1.0
3 0.00 0.0
4 77.03 1.0
5 0.00 0.0
6 32.77 1.0
lambda:
1 60.0 
2 30.0 
3 30.0 
4 30.0 
5 30.0 
6 30.0 
assets:
1 0.57 
2 0.57 
3 0.57 
4 14.79 
5 14.79 
6 14.79 
* end dispatch *
DISPATCH 61
loads:
1 0.00 
2 0.00 
3 19.81 
4 19.81 
5 4.81 
6 4.81 
7 4.81 
8 12.26 
9 12.26 
10 4.81 
11 16.93 
12 27.73 
13 32.78 
14 9.87 
15 6.77 
16 9.80 
17 41.06 
18 41.06 
19 41.06 
20 41.06 
21 41.06 
22 26.72 
23 23.60 
24 0.00 
25 0.00 
26 0.00 
27 0.00 
28 0.00 
29 0.00 
Pref:
1 168.47 1.0
2 106.19 1.0
3 0.00 0.0
4 79.57 1.0
5 0.00 0.0
6 31.21 1.0
lambda:
1 60.0 
2 30.0 
3 30.0 
4 30.0 
5 30.0 
6 30.0 
assets:
1 0.63 
2 0.63 
3 0.63 
4 25.01 
5 25.01 
6 25.01 
* end dispatch *
DISPATCH 62
loads:
1 0.00 
2 0.00 
3 20.18 
4 20.18 
5 4.90 
6 4.90 
7 4.90 
8 12.49 
9 12.49 
10 4.90 
11 17.24 
12 28.25 
13 33.39 
14 10.05 
15 6.89 
16 9.98 
17 41.82 
18 41.82 
19 41.82 
20 41.82 
21 41.82 
22 27.21 
23 24.04 
24 0.00 
25 0.00 
26 0.00 
27 0.00 
28 0.00 
29 0.00 
Pref:
1 168.47 1.0
2 106.19 1.0
3 0.00 0.0
4 79.57 1.0
5 0.00 0.0
6 31.21 1.0
lambda:
1 60.0 
2 30.0 
3 30.0 
4 30.0 
5 30.0 
6 30.0 
assets:
1 2.26 
2 2.26 
3 2.26 
4 22.68 
5 22.68 
6 22.68 
* end dispatch *
DISPATCH 63
loads:
1 0.00 
2 0.00 
3 20.47 
4 20.47 
5 4.97 
6 4.97 
7 4.97 
8 12.67 
9 12.67 
10 4.97 
11 17.49 
12 28.66 
13 33.88 
14 10.20 
15 6.99 
16 10.13 
17 42.43 
18 42.43 
19 42.43 
20 42.43 
21 42.43 
22 27.61 
23 24.39 
24 0.00 
25 0.00 
26 0.00 
27 0.00 
28 0.00 
29 0.00 
Pref:
1 168.47 1.0
2 106.19 1.0
3 0.00 0.0
4 79.57 1.0
5 0.00 0.0
6 31.21 1.0
lambda:
1 60.0 
2 30.0 
3 30.0 
4 30.0 
5 30.0 
6 30.0 
assets:
1 2.53 
2 2.53 
3 2.53 
4 24.51 
5 24.51 
6 24.51 
* end dispatch *
DISPATCH 64
loads:
1 0.00 
2 0.00 
3 20.55 
4 20.55 
5 4.99 
6 4.99 
7 4.99 
8 12.72 
9 12.72 
10 4.99 
11 17.55 
12 28.76 
13 33.99 
14 10.23 
15 7.02 
16 10.16 
17 42.58 
18 42.58 
19 42.58 
20 42.58 
21 42.58 
22 27.71 
23 24.48 
24 0.00 
25 0.00 
26 0.00 
27 0.00 
28 0.00 
29 0.00 
Pref:
1 168.47 1.0
2 106.19 1.0
3 0.00 0.0
4 79.57 1.0
5 0.00 0.0
6 31.21 1.0
lambda:
1 60.0 
2 30.0 
3 30.0 
4 30.0 
5 30.0 
6 30.0 
assets:
1 2.70 
2 2.70 
3 2.70 
4 20.98 
5 20.98 
6 20.98 
* end dispatch *
DISPATCH 65
loads:
1 0.00 
2 0.00 
3 20.61 
4 20.61 
5 5.01 
6 5.01 
7 5.01 
8 12.76 
9 12.76 
10 5.01 
11 17.61 
12 28.85 
13 34.11 
14 10.27 
15 7.04 
16 10.19 
17 42.72 
18 42.72 
19 42.72 
20 42.72 
21 42.72 
22 27.80 
23 24.56 
24 0.00 
25 0.00 
26 0.00 
27 0.00 
28 0.00 
29 0.00 
Pref:
1 168.47 1.0
2 106.19 1.0
3 0.00 0.0
4 79.57 1.0
5 0.00 0.0
6 31.21 1.0
lambda:
1 60.0 
2 30.0 
3 30.0 
4 30.0 
5 30.0 
6 30.0 
assets:
1 1.93 
2 1.93 
3 1.93 
4 23.44 
5 23.44 
6 23.44 
* end dispatch *
DISPATCH 66
loads:
1 0.00 
2 0.00 
3 20.91 
4 20.91 
5 5.08 
6 5.08 
7 5.08 
8 12.95 
9 12.95 
10 5.08 
11 17.87 
12 29.27 
13 34.60 
14 10.42 
15 7.14 
16 10.34 
17 43.34 
18 43.34 
19 43.34 
20 43.34 
21 43.34 
22 28.20 
23 24.91 
24 0.00 
25 0.00 
26 0.00 
27 0.00 
28 0.00 
29 0.00 
Pref:
1 168.47 1.0
2 106.19 1.0
3 0.00 0.0
4 79.57 1.0
5 0.00 0.0
6 31.21 1.0
lambda:
1 60.0 
2 30.0 
3 30.0 
4 30.0 
5 30.0 
6 30.0 
assets:
1 3.10 
2 3.10 
3 3.10 
4 27.61 
5 27.61 
6 27.61 
* end dispatch *
DISPATCH 67
loads:
1 0.00 
2 0.00 
3 21.00 
4 21.00 
5 5.10 
6 5.10 
7 5.10 
8 13.00 
9 13.00 
10 5.10 
11 17.94 
12 29.39 
13 34.74 
14 10.46 
15 7.17 
16 10.38 
17 43.52 
18 43.52 
19 43.52 
20 43.52 
21 43.52 
22 28.32 
23 25.01 
24 0.00 
25 0.00 
26 0.00 
27 0.00 
28 0.00 
29 0.00 
Pref:
1 154.39 1.0
2 102.44 1.0
3 0.00 0.0
4 76.76 1.0
5 0.00 0.0
6 35.26 1.0
lambda:
1 60.0 
2 30.0 
3 30.0 
4 30.0 
5 30.0 
6 30.0 
assets:
1 3.16 
2 3.16 
3 3.16 
4 27.31 
5 27.31 
6 27.31 
* end dispatch *
DISPATCH 68
loads:
1 0.00 
2 0.00 
3 21.08 
4 21.08 
5 5.12 
6 5.12 
7 5.12 
8 13.05 
9 13.05 
10 5.12 
11 18.01 
12 29.51 
13 34.88 
14 10.50 
15 7.20 
16 10.42 
17 43.68 
18 43.68 
19 43.68 
20 43.68 
21 43.68 
22 28.42 
23 25.11 
24 0.00 
25 0.00 
26 0.00 
27 0.00 
28 0.00 
29 0.00 
Pref:
1 154.39 1.0
2 102.44 1.0
3 0.00 0.0
4 76.76 1.0
5 0.00 0.0
6 35.26 1.0
lambda:
1 60.0 
2 30.0 
3 30.0 
4 30.0 
5 30.0 
6 30.0 
assets:
1 3.30 
2 3.30 
3 3.30 
4 29.17 
5 29.17 
6 29.17 
* end dispatch *
DISPATCH 69
loads:
1 0.00 
2 0.00 
3 21.11 
4 21.11 
5 5.13 
6 5.13 
7 5.13 
8 13.06 
9 13.06 
10 5.13 
11 18.03 
12 29.54 
13 34.92 
14 10.51 
15 7.21 
16 10.44 
17 43.74 
18 43.74 
19 43.74 
20 43.74 
21 43.74 
22 28.46 
23 25.14 
24 0.00 
25 0.00 
26 0.00 
27 0.00 
28 0.00 
29 0.00 
Pref:
1 154.39 1.0
2 102.44 1.0
3 0.00 0.0
4 76.76 1.0
5 0.00 0.0
6 35.26 1.0
lambda:
1 60.0 
2 30.0 
3 30.0 
4 30.0 
5 30.0 
6 30.0 
assets:
1 4.33 
2 4.33 
3 4.33 
4 33.47 
5 33.47 
6 33.47 
* end dispatch *
DISPATCH 70
loads:
1 0.00 
2 0.00 
3 20.96 
4 20.96 
5 5.09 
6 5.09 
7 5.09 
8 12.98 
9 12.98 
10 5.09 
11 17.91 
12 29.34 
13 34.68 
14 10.44 
15 7.16 
16 10.37 
17 43.44 
18 43.44 
19 43.44 
20 43.44 
21 43.44 
22 28.27 
23 24.97 
24 0.00 
25 0.00 
26 0.00 
27 0.00 
28 0.00 
29 0.00 
Pref:
1 154.39 1.0
2 102.44 1.0
3 0.00 0.0
4 76.76 1.0
5 0.00 0.0
6 35.26 1.0
lambda:
1 60.0 
2 30.0 
3 30.0 
4 30.0 
5 30.0 
6 30.0 
assets:
1 3.83 
2 3.83 
3 3.83 
4 30.30 
5 30.30 
6 30.30 
* end dispatch *
DISPATCH 71
loads:
1 0.00 
2 0.00 
3 20.73 
4 20.73 
5 5.03 
6 5.03 
7 5.03 
8 12.83 
9 12.83 
10 5.03 
11 17.70 
12 29.01 
13 34.29 
14 10.32 
15 7.08 
16 10.25 
17 42.95 
18 42.95 
19 42.95 
20 42.95 
21 42.95 
22 27.95 
23 24.69 
24 0.00 
25 0.00 
26 0.00 
27 0.00 
28 0.00 
29 0.00 
Pref:
1 154.39 1.0
2 102.44 1.0
3 0.00 0.0
4 76.76 1.0
5 0.00 0.0
6 35.26 1.0
lambda:
1 60.0 
2 30.0 
3 30.0 
4 30.0 
5 30.0 
6 30.0 
assets:
1 2.93 
2 2.93 
3 2.93 
4 28.24 
5 28.24 
6 28.24 
* end dispatch *
DISPATCH 72
loads:
1 0.00 
2 0.00 
3 20.74 
4 20.74 
5 5.04 
6 5.04 
7 5.04 
8 12.84 
9 12.84 
10 5.04 
11 17.72 
12 29.04 
13 34.32 
14 10.33 
15 7.08 
16 10.26 
17 42.99 
18 42.99 
19 42.99 
20 42.99 
21 42.99 
22 27.97 
23 24.71 
24 0.00 
25 0.00 
26 0.00 
27 0.00 
28 0.00 
29 0.00 
Pref:
1 154.39 1.0
2 102.44 1.0
3 0.00 0.0
4 76.76 1.0
5 0.00 0.0
6 35.26 1.0
lambda:
1 60.0 
2 30.0 
3 30.0 
4 30.0 
5 30.0 
6 30.0 
assets:
1 4.40 
2 4.40 
3 4.40 
4 27.54 
5 27.54 
6 27.54 
* end dispatch *
DISPATCH 73
loads:
1 0.00 
2 0.00 
3 20.91 
4 20.91 
5 5.08 
6 5.08 
7 5.08 
8 12.94 
9 12.94 
10 5.08 
11 17.86 
12 29.27 
13 34.59 
14 10.41 
15 7.14 
16 10.34 
17 43.33 
18 43.33 
19 43.33 
20 43.33 
21 43.33 
22 28.19 
23 24.91 
24 0.00 
25 0.00 
26 0.00 
27 0.00 
28 0.00 
29 0.00 
Pref:
1 157.40 1.0
2 108.01 1.0
3 0.00 0.0
4 80.93 1.0
5 0.00 0.0
6 15.52 1.0
lambda:
1 60.0 
2 30.0 
3 30.0 
4 30.0 
5 30.0 
6 30.0 
assets:
1 4.70 
2 4.70 
3 4.70 
4 25.64 
5 25.64 
6 25.64 
* end dispatch *
DISPATCH 74
loads:
1 0.00 
2 0.00 
3 20.98 
4 20.98 
5 5.10 
6 5.10 
7 5.10 
8 12.99 
9 12.99 
10 5.10 
11 17.93 
12 29.37 
13 34.72 
14 10.45 
15 7.17 
16 10.38 
17 43.49 
18 43.49 
19 43.49 
20 43.49 
21 43.49 
22 28.30 
23 25.00 
24 0.00 
25 0.00 
26 0.00 
27 0.00 
28 0.00 
29 0.00 
Pref:
1 157.40 1.0
2 108.01 1.0
3 0.00 0.0
4 80.93 1.0
5 0.00 0.0
6 15.52 1.0
lambda:
1 60.0 
2 30.0 
3 30.0 
4 30.0 
5 30.0 
6 30.0 
assets:
1 4.43 
2 4.43 
3 4.43 
4 29.70 
5 29.70 
6 29.70 
* end dispatch *
DISPATCH 75
loads:
1 0.00 
2 0.00 
3 20.68 
4 20.68 
5 5.02 
6 5.02 
7 5.02 
8 12.80 
9 12.80 
10 5.02 
11 17.67 
12 28.95 
13 34.22 
14 10.30 
15 7.06 
16 10.23 
17 42.86 
18 42.86 
19 42.86 
20 42.86 
21 42.86 
22 27.89 
23 24.64 
24 0.00 
25 0.00 
26 0.00 
27 0.00 
28 0.00 
29 0.00 
Pref:
1 157.40 1.0
2 108.01 1.0
3 0.00 0.0
4 80.93 1.0
5 0.00 0.0
6 15.52 1.0
lambda:
1 60.0 
2 30.0 
3 30.0 
4 30.0 
5 30.0 
6 30.0 
assets:
1 1.60 
2 1.60 
3 1.60 
4 31.77 
5 31.77 
6 31.77 
* end dispatch *
DISPATCH 76
loads:
1 0.00 
2 0.00 
3 20.83 
4 20.83 
5 5.06 
6 5.06 
7 5.06 
8 12.90 
9 12.90 
10 5.06 
11 17.80 
12 29.16 
13 34.47 
14 10.38 
15 7.11 
16 10.30 
17 43.17 
18 43.17 
19 43.17 
20 43.17 
21 43.17 
22 28.09 
23 24.82 
24 0.00 
25 0.00 
26 0.00 
27 0.00 
28 0.00 
29 0.00 
Pref:
1 157.40 1.0
2 108.01 1.0
3 0.00 0.0
4 80.93 1.0
5 0.00 0.0
6 15.52 1.0
lambda:
1 60.0 
2 30.0 
3 30.0 
4 30.0 
5 30.0 
6 30.0 
assets:
1 4.76 
2 4.76 
3 4.76 
4 31.50 
5 31.50 
6 31.50 
* end dispatch *
DISPATCH 77
loads:
1 0.00 
2 0.00 
3 20.73 
4 20.73 
5 5.04 
6 5.04 
7 5.04 
8 12.83 
9 12.83 
10 5.04 
11 17.71 
12 29.02 
13 34.30 
14 10.33 
15 7.08 
16 10.25 
17 42.96 
18 42.96 
19 42.96 
20 42.96 
21 42.96 
22 27.95 
23 24.70 
24 0.00 
25 0.00 
26 0.00 
27 0.00 
28 0.00 
29 0.00 
Pref:
1 157.40 1.0
2 108.01 1.0
3 0.00 0.0
4 80.93 1.0
5 0.00 0.0
6 15.52 1.0
lambda:
1 60.0 
2 30.0 
3 30.0 
4 30.0 
5 30.0 
6 30.0 
assets:
1 5.03 
2 5.03 
3 5.03 
4 29.27 
5 29.27 
6 29.27 
* end dispatch *
DISPATCH 78
loads:
1 0.00 
2 0.00 
3 20.87 
4 20.87 
5 5.07 
6 5.07 
7 5.07 
8 12.92 
9 12.92 
10 5.07 
11 17.83 
12 29.21 
13 34.53 
14 10.39 
15 7.13 
16 10.32 
17 43.25 
18 43.25 
19 43.25 
20 43.25 
21 43.25 
22 28.14 
23 24.86 
24 0.00 
25 0.00 
26 0.00 
27 0.00 
28 0.00 
29 0.00 
Pref:
1 157.40 1.0
2 108.01 1.0
3 0.00 0.0
4 80.93 1.0
5 0.00 0.0
6 15.52 1.0
lambda:
1 60.0 
2 30.0 
3 30.0 
4 30.0 
5 30.0 
6 30.0 
assets:
1 4.73 
2 4.73 
3 4.73 
4 31.67 
5 31.67 
6 31.67 
* end dispatch *
DISPATCH 79
loads:
1 0.00 
2 0.00 
3 20.93 
4 20.93 
5 5.08 
6 5.08 
7 5.08 
8 12.95 
9 12.95 
10 5.08 
11 17.88 
12 29.29 
13 34.62 
14 10.42 
15 7.15 
16 10.35 
17 43.37 
18 43.37 
19 43.37 
20 43.37 
21 43.37 
22 28.22 
23 24.93 
24 0.00 
25 0.00 
26 0.00 
27 0.00 
28 0.00 
29 0.00 
Pref:
1 160.13 1.0
2 107.50 1.0
3 0.00 0.0
4 80.55 1.0
5 0.00 0.0
6 16.21 1.0
lambda:
1 60.0 
2 30.0 
3 30.0 
4 30.0 
5 30.0 
6 30.0 
assets:
1 5.19 
2 5.19 
3 5.19 
4 31.87 
5 31.87 
6 31.87 
* end dispatch *
DISPATCH 80
loads:
1 0.00 
2 0.00 
3 21.32 
4 21.32 
5 5.18 
6 5.18 
7 5.18 
8 13.19 
9 13.19 
10 5.18 
11 18.21 
12 29.84 
13 35.27 
14 10.62 
15 7.28 
16 10.54 
17 44.18 
18 44.18 
19 44.18 
20 44.18 
21 44.18 
22 28.74 
23 25.39 
24 0.00 
25 0.00 
26 0.00 
27 0.00 
28 0.00 
29 0.00 
Pref:
1 160.13 1.0
2 107.50 1.0
3 0.00 0.0
4 80.55 1.0
5 0.00 0.0
6 16.21 1.0
lambda:
1 60.0 
2 30.0 
3 30.0 
4 30.0 
5 30.0 
6 30.0 
assets:
1 3.80 
2 3.80 
3 3.80 
4 32.77 
5 32.77 
6 32.77 
* end dispatch *
DISPATCH 81
loads:
1 0.00 
2 0.00 
3 20.80 
4 20.80 
5 5.05 
6 5.05 
7 5.05 
8 12.87 
9 12.87 
10 5.05 
11 17.77 
12 29.11 
13 34.41 
14 10.36 
15 7.10 
16 10.28 
17 43.10 
18 43.10 
19 43.10 
20 43.10 
21 43.10 
22 28.04 
23 24.78 
24 0.00 
25 0.00 
26 0.00 
27 0.00 
28 0.00 
29 0.00 
Pref:
1 160.13 1.0
2 107.50 1.0
3 0.00 0.0
4 80.55 1.0
5 0.00 0.0
6 16.21 1.0
lambda:
1 60.0 
2 30.0 
3 30.0 
4 30.0 
5 30.0 
6 30.0 
assets:
1 3.60 
2 3.60 
3 3.60 
4 31.50 
5 31.50 
6 31.50 
* end dispatch *
DISPATCH 82
loads:
1 0.00 
2 0.00 
3 20.89 
4 20.89 
5 5.08 
6 5.08 
7 5.08 
8 12.93 
9 12.93 
10 5.08 
11 17.85 
12 29.24 
13 34.56 
14 10.41 
15 7.13 
16 10.33 
17 43.29 
18 43.29 
19 43.29 
20 43.29 
21 43.29 
22 28.17 
23 24.89 
24 0.00 
25 0.00 
26 0.00 
27 0.00 
28 0.00 
29 0.00 
Pref:
1 160.13 1.0
2 107.50 1.0
3 0.00 0.0
4 80.55 1.0
5 0.00 0.0
6 16.21 1.0
lambda:
1 60.0 
2 30.0 
3 30.0 
4 30.0 
5 30.0 
6 30.0 
assets:
1 2.66 
2 2.66 
3 2.66 
4 33.80 
5 33.80 
6 33.80 
* end dispatch *
DISPATCH 83
loads:
1 0.00 
2 0.00 
3 21.09 
4 21.09 
5 5.12 
6 5.12 
7 5.12 
8 13.05 
9 13.05 
10 5.12 
11 18.01 
12 29.52 
13 34.89 
14 10.50 
15 7.20 
16 10.43 
17 43.70 
18 43.70 
19 43.70 
20 43.70 
21 43.70 
22 28.44 
23 25.12 
24 0.00 
25 0.00 
26 0.00 
27 0.00 
28 0.00 
29 0.00 
Pref:
1 160.13 1.0
2 107.50 1.0
3 0.00 0.0
4 80.55 1.0
5 0.00 0.0
6 16.21 1.0
lambda:
1 60.0 
2 30.0 
3 30.0 
4 30.0 
5 30.0 
6 30.0 
assets:
1 5.83 
2 5.83 
3 5.83 
4 33.27 
5 33.27 
6 33.27 
* end dispatch *
DISPATCH 84
loads:
1 0.00 
2 0.00 
3 20.85 
4 20.85 
5 5.07 
6 5.07 
7 5.07 
8 12.91 
9 12.91 
10 5.07 
11 17.82 
12 29.19 
13 34.51 
14 10.39 
15 7.12 
16 10.31 
17 43.22 
18 43.22 
19 43.22 
20 43.22 
21 43.22 
22 28.12 
23 24.84 
24 0.00 
25 0.00 
26 0.00 
27 0.00 
28 0.00 
29 0.00 
Pref:
1 160.13 1.0
2 107.50 1.0
3 0.00 0.0
4 80.55 1.0
5 0.00 0.0
6 16.21 1.0
lambda:
1 60.0 
2 30.0 
3 30.0 
4 30.0 
5 30.0 
6 30.0 
assets:
1 4.13 
2 4.13 
3 4.13 
4 32.50 
5 32.50 
6 32.50 
* end dispatch *
DISPATCH 85
loads:
1 0.00 
2 0.00 
3 21.36 
4 21.36 
5 5.19 
6 5.19 
7 5.19 
8 13.22 
9 13.22 
10 5.19 
11 18.24 
12 29.89 
13 35.33 
14 10.64 
15 7.29 
16 10.56 
17 44.26 
18 44.26 
19 44.26 
20 44.26 
21 44.26 
22 28.80 
23 25.44 
24 0.00 
25 0.00 
26 0.00 
27 0.00 
28 0.00 
29 0.00 
Pref:
1 142.33 1.0
2 116.77 1.0
3 0.00 0.0
4 87.50 1.0
5 0.00 0.0
6 14.89 1.0
lambda:
1 60.0 
2 30.0 
3 30.0 
4 30.0 
5 30.0 
6 30.0 
assets:
1 2.90 
2 2.90 
3 2.90 
4 32.13 
5 32.13 
6 32.13 
* end dispatch *
DISPATCH 86
loads:
1 0.00 
2 0.00 
3 21.63 
4 21.63 
5 5.25 
6 5.25 
7 5.25 
8 13.39 
9 13.39 
10 5.25 
11 18.48 
12 30.28 
13 35.79 
14 10.77 
15 7.39 
16 10.70 
17 44.82 
18 44.82 
19 44.82 
20 44.82 
21 44.82 
22 29.17 
23 25.77 
24 0.00 
25 0.00 
26 0.00 
27 0.00 
28 0.00 
29 0.00 
Pref:
1 142.33 1.0
2 116.77 1.0
3 0.00 0.0
4 87.50 1.0
5 0.00 0.0
6 14.89 1.0
lambda:
1 60.0 
2 30.0 
3 30.0 
4 30.0 
5 30.0 
6 30.0 
assets:
1 3.83 
2 3.83 
3 3.83 
4 33.73 
5 33.73 
6 33.73 
* end dispatch *
DISPATCH 87
loads:
1 0.00 
2 0.00 
3 21.44 
4 21.44 
5 5.21 
6 5.21 
7 5.21 
8 13.27 
9 13.27 
10 5.21 
11 18.32 
12 30.01 
13 35.48 
14 10.68 
15 7.32 
16 10.60 
17 44.44 
18 44.44 
19 44.44 
20 44.44 
21 44.44 
22 28.91 
23 25.54 
24 0.00 
25 0.00 
26 0.00 
27 0.00 
28 0.00 
29 0.00 
Pref:
1 142.33 1.0
2 116.77 1.0
3 0.00 0.0
4 87.50 1.0
5 0.00 0.0
6 14.89 1.0
lambda:
1 60.0 
2 30.0 
3 30.0 
4 30.0 
5 30.0 
6 30.0 
assets:
1 2.40 
2 2.40 
3 2.40 
4 31.70 
5 31.70 
6 31.70 
* end dispatch *
DISPATCH 88
loads:
1 0.00 
2 0.00 
3 21.62 
4 21.62 
5 5.25 
6 5.25 
7 5.25 
8 13.39 
9 13.39 
10 5.25 
11 18.47 
12 30.27 
13 35.78 
14 10.77 
15 7.38 
16 10.69 
17 44.82 
18 44.82 
19 44.82 
20 44.82 
21 44.82 
22 29.16 
23 25.76 
24 0.00 
25 0.00 
26 0.00 
27 0.00 
28 0.00 
29 0.00 
Pref:
1 142.33 1.0
2 116.77 1.0
3 0.00 0.0
4 87.50 1.0
5 0.00 0.0
6 14.89 1.0
lambda:
1 60.0 
2 30.0 
3 30.0 
4 30.0 
5 30.0 
6 30.0 
assets:
1 5.03 
2 5.03 
3 5.03 
4 34.70 
5 34.70 
6 34.70 
* end dispatch *
DISPATCH 89
loads:
1 0.00 
2 0.00 
3 21.22 
4 21.22 
5 5.15 
6 5.15 
7 5.15 
8 13.13 
9 13.13 
10 5.15 
11 18.13 
12 29.70 
13 35.11 
14 10.57 
15 7.24 
16 10.49 
17 43.97 
18 43.97 
19 43.97 
20 43.97 
21 43.97 
22 28.61 
23 25.28 
24 0.00 
25 0.00 
26 0.00 
27 0.00 
28 0.00 
29 0.00 
Pref:
1 142.33 1.0
2 116.77 1.0
3 0.00 0.0
4 87.50 1.0
5 0.00 0.0
6 14.89 1.0
lambda:
1 60.0 
2 30.0 
3 30.0 
4 30.0 
5 30.0 
6 30.0 
assets:
1 4.70 
2 4.70 
3 4.70 
4 30.70 
5 30.70 
6 30.70 
* end dispatch *
DISPATCH 90
loads:
1 0.00 
2 0.00 
3 21.30 
4 21.30 
5 5.17 
6 5.17 
7 5.17 
8 13.18 
9 13.18 
10 5.17 
11 18.19 
12 29.81 
13 35.24 
14 10.61 
15 7.27 
16 10.53 
17 44.14 
18 44.14 
19 44.14 
20 44.14 
21 44.14 
22 28.72 
23 25.37 
24 0.00 
25 0.00 
26 0.00 
27 0.00 
28 0.00 
29 0.00 
Pref:
1 142.33 1.0
2 116.77 1.0
3 0.00 0.0
4 87.50 1.0
5 0.00 0.0
6 14.89 1.0
lambda:
1 60.0 
2 30.0 
3 30.0 
4 30.0 
5 30.0 
6 30.0 
assets:
1 5.16 
2 5.16 
3 5.16 
4 30.54 
5 30.54 
6 30.54 
* end dispatch *
DISPATCH 91
loads:
1 0.00 
2 0.00 
3 21.31 
4 21.31 
5 5.18 
6 5.18 
7 5.18 
8 13.19 
9 13.19 
10 5.18 
11 18.21 
12 29.83 
13 35.26 
14 10.62 
15 7.28 
16 10.54 
17 44.17 
18 44.17 
19 44.17 
20 44.17 
21 44.17 
22 28.74 
23 25.39 
24 0.00 
25 0.00 
26 0.00 
27 0.00 
28 0.00 
29 0.00 
Pref:
1 132.89 1.0
2 117.14 1.0
3 0.00 0.0
4 87.78 1.0
5 0.00 0.0
6 15.34 1.0
lambda:
1 60.0 
2 30.0 
3 30.0 
4 30.0 
5 30.0 
6 30.0 
assets:
1 5.43 
2 5.43 
3 5.43 
4 31.54 
5 31.54 
6 31.54 
* end dispatch *
DISPATCH 92
loads:
1 0.00 
2 0.00 
3 21.29 
4 21.29 
5 5.17 
6 5.17 
7 5.17 
8 13.18 
9 13.18 
10 5.17 
11 18.19 
12 29.81 
13 35.23 
14 10.61 
15 7.27 
16 10.53 
17 44.13 
18 44.13 
19 44.13 
20 44.13 
21 44.13 
22 28.71 
23 25.37 
24 0.00 
25 0.00 
26 0.00 
27 0.00 
28 0.00 
29 0.00 
Pref:
1 132.89 1.0
2 117.14 1.0
3 0.00 0.0
4 87.78 1.0
5 0.00 0.0
6 15.34 1.0
lambda:
1 60.0 
2 30.0 
3 30.0 
4 30.0 
5 30.0 
6 30.0 
assets:
1 5.46 
2 5.46 
3 5.46 
4 32.57 
5 32.57 
6 32.57 
* end dispatch *
DISPATCH 93
loads:
1 0.00 
2 0.00 
3 21.40 
4 21.40 
5 5.20 
6 5.20 
7 5.20 
8 13.25 
9 13.25 
10 5.20 
11 18.28 
12 29.96 
13 35.41 
14 10.66 
15 7.31 
16 10.58 
17 44.35 
18 44.35 
19 44.35 
20 44.35 
21 44.35 
22 28.86 
23 25.49 
24 0.00 
25 0.00 
26 0.00 
27 0.00 
28 0.00 
29 0.00 
Pref:
1 132.89 1.0
2 117.14 1.0
3 0.00 0.0
4 87.78 1.0
5 0.00 0.0
6 15.34 1.0
lambda:
1 60.0 
2 30.0 
3 30.0 
4 30.0 
5 30.0 
6 30.0 
assets:
1 5.29 
2 5.29 
3 5.29 
4 34.33 
5 34.33 
6 34.33 
* end dispatch *
DISPATCH 94
loads:
1 0.00 
2 0.00 
3 21.23 
4 21.23 
5 5.16 
6 5.16 
7 5.16 
8 13.14 
9 13.14 
10 5.16 
11 18.14 
12 29.72 
13 35.13 
14 10.58 
15 7.25 
16 10.50 
17 44.00 
18 44.00 
19 44.00 
20 44.00 
21 44.00 
22 28.63 
23 25.29 
24 0.00 
25 0.00 
26 0.00 
27 0.00 
28 0.00 
29 0.00 
Pref:
1 132.89 1.0
2 117.14 1.0
3 0.00 0.0
4 87.78 1.0
5 0.00 0.0
6 15.34 1.0
lambda:
1 60.0 
2 30.0 
3 30.0 
4 30.0 
5 30.0 
6 30.0 
assets:
1 5.39 
2 5.39 
3 5.39 
4 34.70 
5 34.70 
6 34.70 
* end dispatch *
DISPATCH 95
loads:
1 0.00 
2 0.00 
3 21.05 
4 21.05 
5 5.11 
6 5.11 
7 5.11 
8 13.03 
9 13.03 
10 5.11 
11 17.98 
12 29.46 
13 34.82 
14 10.48 
15 7.19 
16 10.41 
17 43.62 
18 43.62 
19 43.62 
20 43.62 
21 43.62 
22 28.38 
23 25.07 
24 0.00 
25 0.00 
26 0.00 
27 0.00 
28 0.00 
29 0.00 
Pref:
1 132.89 1.0
2 117.14 1.0
3 0.00 0.0
4 87.78 1.0
5 0.00 0.0
6 15.34 1.0
lambda:
1 60.0 
2 30.0 
3 30.0 
4 30.0 
5 30.0 
6 30.0 
assets:
1 4.90 
2 4.90 
3 4.90 
4 34.43 
5 34.43 
6 34.43 
* end dispatch *
DISPATCH 96
loads:
1 0.00 
2 0.00 
3 20.78 
4 20.78 
5 5.05 
6 5.05 
7 5.05 
8 12.86 
9 12.86 
10 5.05 
11 17.75 
12 29.09 
13 34.39 
14 10.35 
15 7.10 
16 10.28 
17 43.07 
18 43.07 
19 43.07 
20 43.07 
21 43.07 
22 28.03 
23 24.76 
24 0.00 
25 0.00 
26 0.00 
27 0.00 
28 0.00 
29 0.00 
Pref:
1 132.89 1.0
2 117.14 1.0
3 0.00 0.0
4 87.78 1.0
5 0.00 0.0
6 15.34 1.0
lambda:
1 60.0 
2 30.0 
3 30.0 
4 30.0 
5 30.0 
6 30.0 
assets:
1 3.30 
2 3.30 
3 3.30 
4 33.70 
5 33.70 
6 33.70 
* end dispatch *
DISPATCH 97
loads:
1 0.00 
2 0.00 
3 20.60 
4 20.60 
5 5.00 
6 5.00 
7 5.00 
8 12.75 
9 12.75 
10 5.00 
11 17.59 
12 28.83 
13 34.08 
14 10.26 
15 7.03 
16 10.18 
17 42.68 
18 42.68 
19 42.68 
20 42.68 
21 42.68 
22 27.77 
23 24.54 
24 0.00 
25 0.00 
26 0.00 
27 0.00 
28 0.00 
29 0.00 
Pref:
1 131.93 1.0
2 117.14 1.0
3 0.00 0.0
4 87.77 1.0
5 0.00 0.0
6 14.74 1.0
lambda:
1 60.0 
2 30.0 
3 30.0 
4 30.0 
5 30.0 
6 30.0 
assets:
1 1.60 
2 1.60 
3 1.60 
4 35.10 
5 35.10 
6 35.10 
* end dispatch *
DISPATCH 98
loads:
1 0.00 
2 0.00 
3 20.80 
4 20.80 
5 5.05 
6 5.05 
7 5.05 
8 12.87 
9 12.87 
10 5.05 
11 17.77 
12 29.11 
13 34.41 
14 10.36 
15 7.10 
16 10.28 
17 43.10 
18 43.10 
19 43.10 
20 43.10 
21 43.10 
22 28.04 
23 24.78 
24 0.00 
25 0.00 
26 0.00 
27 0.00 
28 0.00 
29 0.00 
Pref:
1 131.93 1.0
2 117.14 1.0
3 0.00 0.0
4 87.77 1.0
5 0.00 0.0
6 14.74 1.0
lambda:
1 60.0 
2 30.0 
3 30.0 
4 30.0 
5 30.0 
6 30.0 
assets:
1 4.36 
2 4.36 
3 4.36 
4 33.57 
5 33.57 
6 33.57 
* end dispatch *
DISPATCH 99
loads:
1 0.00 
2 0.00 
3 20.35 
4 20.35 
5 4.94 
6 4.94 
7 4.94 
8 12.60 
9 12.60 
10 4.94 
11 17.38 
12 28.49 
13 33.67 
14 10.14 
15 6.95 
16 10.06 
17 42.17 
18 42.17 
19 42.17 
20 42.17 
21 42.17 
22 27.44 
23 24.24 
24 0.00 
25 0.00 
26 0.00 
27 0.00 
28 0.00 
29 0.00 
Pref:
1 131.93 1.0
2 117.14 1.0
3 0.00 0.0
4 87.77 1.0
5 0.00 0.0
6 14.74 1.0
lambda:
1 60.0 
2 30.0 
3 30.0 
4 30.0 
5 30.0 
6 30.0 
assets:
1 1.07 
2 1.07 
3 1.07 
4 33.63 
5 33.63 
6 33.63 
* end dispatch *
DISPATCH 100
loads:
1 0.00 
2 0.00 
3 20.64 
4 20.64 
5 5.01 
6 5.01 
7 5.01 
8 12.77 
9 12.77 
10 5.01 
11 17.63 
12 28.89 
13 34.14 
14 10.28 
15 7.05 
16 10.20 
17 42.77 
18 42.77 
19 42.77 
20 42.77 
21 42.77 
22 27.83 
23 24.58 
24 0.00 
25 0.00 
26 0.00 
27 0.00 
28 0.00 
29 0.00 
Pref:
1 131.93 1.0
2 117.14 1.0
3 0.00 0.0
4 87.77 1.0
5 0.00 0.0
6 14.74 1.0
lambda:
1 60.0 
2 30.0 
3 30.0 
4 30.0 
5 30.0 
6 30.0 
assets:
1 3.56 
2 3.56 
3 3.56 
4 32.53 
5 32.53 
6 32.53 
* end dispatch *
DISPATCH 101
loads:
1 0.00 
2 0.00 
3 20.50 
4 20.50 
5 4.98 
6 4.98 
7 4.98 
8 12.69 
9 12.69 
10 4.98 
11 17.51 
12 28.70 
13 33.92 
14 10.21 
15 7.00 
16 10.14 
17 42.49 
18 42.49 
19 42.49 
20 42.49 
21 42.49 
22 27.65 
23 24.42 
24 0.00 
25 0.00 
26 0.00 
27 0.00 
28 0.00 
29 0.00 
Pref:
1 131.93 1.0
2 117.14 1.0
3 0.00 0.0
4 87.77 1.0
5 0.00 0.0
6 14.74 1.0
lambda:
1 60.0 
2 30.0 
3 30.0 
4 30.0 
5 30.0 
6 30.0 
assets:
1 4.43 
2 4.43 
3 4.43 
4 32.50 
5 32.50 
6 32.50 
* end dispatch *
DISPATCH 102
loads:
1 0.00 
2 0.00 
3 20.07 
4 20.07 
5 4.88 
6 4.88 
7 4.88 
8 12.42 
9 12.42 
10 4.88 
11 17.15 
12 28.10 
13 33.21 
14 10.00 
15 6.85 
16 9.93 
17 41.60 
18 41.60 
19 41.60 
20 41.60 
21 41.60 
22 27.07 
23 23.91 
24 0.00 
25 0.00 
26 0.00 
27 0.00 
28 0.00 
29 0.00 
Pref:
1 131.93 1.0
2 117.14 1.0
3 0.00 0.0
4 87.77 1.0
5 0.00 0.0
6 14.74 1.0
lambda:
1 60.0 
2 30.0 
3 30.0 
4 30.0 
5 30.0 
6 30.0 
assets:
1 1.83 
2 1.83 
3 1.83 
4 31.44 
5 31.44 
6 31.44 
* end dispatch *
DISPATCH 103
loads:
1 0.00 
2 0.00 
3 20.12 
4 20.12 
5 4.89 
6 4.89 
7 4.89 
8 12.45 
9 12.45 
10 4.89 
11 17.19 
12 28.17 
13 33.29 
14 10.02 
15 6.87 
16 9.95 
17 41.70 
18 41.70 
19 41.70 
20 41.70 
21 41.70 
22 27.13 
23 23.97 
24 0.00 
25 0.00 
26 0.00 
27 0.00 
28 0.00 
29 0.00 
Pref:
1 151.62 1.0
2 104.41 1.0
3 0.00 0.0
4 78.23 1.0
5 0.00 0.0
6 16.36 1.0
lambda:
1 60.0 
2 30.0 
3 30.0 
4 30.0 
5 30.0 
6 30.0 
assets:
1 1.47 
2 1.47 
3 1.47 
4 32.77 
5 32.77 
6 32.77 
* end dispatch *
DISPATCH 104
loads:
1 0.00 
2 0.00 
3 19.93 
4 19.93 
5 4.84 
6 4.84 
7 4.84 
8 12.34 
9 12.34 
10 4.84 
11 17.03 
12 27.90 
13 32.98 
14 9.93 
15 6.81 
16 9.86 
17 41.31 
18 41.31 
19 41.31 
20 41.31 
21 41.31 
22 26.88 
23 23.75 
24 0.00 
25 0.00 
26 0.00 
27 0.00 
28 0.00 
29 0.00 
Pref:
1 151.62 1.0
2 104.41 1.0
3 0.00 0.0
4 78.23 1.0
5 0.00 0.0
6 16.36 1.0
lambda:
1 60.0 
2 30.0 
3 30.0 
4 30.0 
5 30.0 
6 30.0 
assets:
1 1.43 
2 1.43 
3 1.43 
4 32.57 
5 32.57 
6 32.57 
* end dispatch *
DISPATCH 105
loads:
1 0.00 
2 0.00 
3 19.80 
4 19.80 
5 4.81 
6 4.81 
7 4.81 
8 12.26 
9 12.26 
10 4.81 
11 16.92 
12 27.72 
13 32.77 
14 9.86 
15 6.76 
16 9.79 
17 41.04 
18 41.04 
19 41.04 
20 41.04 
21 41.04 
22 26.70 
23 23.59 
24 0.00 
25 0.00 
26 0.00 
27 0.00 
28 0.00 
29 0.00 
Pref:
1 151.62 1.0
2 104.41 1.0
3 0.00 0.0
4 78.23 1.0
5 0.00 0.0
6 16.36 1.0
lambda:
1 60.0 
2 30.0 
3 30.0 
4 30.0 
5 30.0 
6 30.0 
assets:
1 2.60 
2 2.60 
3 2.60 
4 28.70 
5 28.70 
6 28.70 
* end dispatch *
DISPATCH 106
loads:
1 0.00 
2 0.00 
3 19.66 
4 19.66 
5 4.78 
6 4.78 
7 4.78 
8 12.17 
9 12.17 
10 4.78 
11 16.79 
12 27.51 
13 32.52 
14 9.79 
15 6.71 
16 9.72 
17 40.74 
18 40.74 
19 40.74 
20 40.74 
21 40.74 
22 26.51 
23 23.42 
24 0.00 
25 0.00 
26 0.00 
27 0.00 
28 0.00 
29 0.00 
Pref:
1 151.62 1.0
2 104.41 1.0
3 0.00 0.0
4 78.23 1.0
5 0.00 0.0
6 16.36 1.0
lambda:
1 60.0 
2 30.0 
3 30.0 
4 30.0 
5 30.0 
6 30.0 
assets:
1 0.93 
2 0.93 
3 0.93 
4 28.17 
5 28.17 
6 28.17 
* end dispatch *
DISPATCH 107
loads:
1 0.00 
2 0.00 
3 19.72 
4 19.72 
5 4.79 
6 4.79 
7 4.79 
8 12.21 
9 12.21 
10 4.79 
11 16.85 
12 27.61 
13 32.63 
14 9.82 
15 6.73 
16 9.75 
17 40.88 
18 40.88 
19 40.88 
20 40.88 
21 40.88 
22 26.60 
23 23.50 
24 0.00 
25 0.00 
26 0.00 
27 0.00 
28 0.00 
29 0.00 
Pref:
1 151.62 1.0
2 104.41 1.0
3 0.00 0.0
4 78.23 1.0
5 0.00 0.0
6 16.36 1.0
lambda:
1 60.0 
2 30.0 
3 30.0 
4 30.0 
5 30.0 
6 30.0 
assets:
1 1.20 
2 1.20 
3 1.20 
4 29.07 
5 29.07 
6 29.07 
* end dispatch *
DISPATCH 108
loads:
1 0.00 
2 0.00 
3 19.78 
4 19.78 
5 4.80 
6 4.80 
7 4.80 
8 12.24 
9 12.24 
10 4.80 
11 16.89 
12 27.68 
13 32.72 
14 9.85 
15 6.75 
16 9.78 
17 40.99 
18 40.99 
19 40.99 
20 40.99 
21 40.99 
22 26.67 
23 23.56 
24 0.00 
25 0.00 
26 0.00 
27 0.00 
28 0.00 
29 0.00 
Pref:
1 151.62 1.0
2 104.41 1.0
3 0.00 0.0
4 78.23 1.0
5 0.00 0.0
6 16.36 1.0
lambda:
1 60.0 
2 30.0 
3 30.0 
4 30.0 
5 30.0 
6 30.0 
assets:
1 1.60 
2 1.60 
3 1.60 
4 30.50 
5 30.50 
6 30.50 
* end dispatch *
DISPATCH 109
loads:
1 0.00 
2 0.00 
3 19.85 
4 19.85 
5 4.82 
6 4.82 
7 4.82 
8 12.29 
9 12.29 
10 4.82 
11 16.96 
12 27.79 
13 32.85 
14 9.89 
15 6.78 
16 9.82 
17 41.14 
18 41.14 
19 41.14 
20 41.14 
21 41.14 
22 26.77 
23 23.65 
24 0.00 
25 0.00 
26 0.00 
27 0.00 
28 0.00 
29 0.00 
Pref:
1 147.69 1.0
2 102.73 1.0
3 0.00 0.0
4 76.98 1.0
5 0.00 0.0
6 15.17 1.0
lambda:
1 60.0 
2 30.0 
3 30.0 
4 30.0 
5 30.0 
6 30.0 
assets:
1 1.96 
2 1.96 
3 1.96 
4 31.17 
5 31.17 
6 31.17 
* end dispatch *
DISPATCH 110
loads:
1 0.00 
2 0.00 
3 19.80 
4 19.80 
5 4.81 
6 4.81 
7 4.81 
8 12.26 
9 12.26 
10 4.81 
11 16.91 
12 27.72 
13 32.76 
14 9.86 
15 6.76 
16 9.79 
17 41.03 
18 41.03 
19 41.03 
20 41.03 
21 41.03 
22 26.70 
23 23.59 
24 0.00 
25 0.00 
26 0.00 
27 0.00 
28 0.00 
29 0.00 
Pref:
1 147.69 1.0
2 102.73 1.0
3 0.00 0.0
4 76.98 1.0
5 0.00 0.0
6 15.17 1.0
lambda:
1 60.0 
2 30.0 
3 30.0 
4 30.0 
5 30.0 
6 30.0 
assets:
1 1.20 
2 1.20 
3 1.20 
4 30.87 
5 30.87 
6 30.87 
* end dispatch *
DISPATCH 111
loads:
1 0.00 
2 0.00 
3 19.89 
4 19.89 
5 4.83 
6 4.83 
7 4.83 
8 12.31 
9 12.31 
10 4.83 
11 16.99 
12 27.84 
13 32.91 
14 9.91 
15 6.79 
16 9.84 
17 41.22 
18 41.22 
19 41.22 
20 41.22 
21 41.22 
22 26.82 
23 23.69 
24 0.00 
25 0.00 
26 0.00 
27 0.00 
28 0.00 
29 0.00 
Pref:
1 147.69 1.0
2 102.73 1.0
3 0.00 0.0
4 76.98 1.0
5 0.00 0.0
6 15.17 1.0
lambda:
1 60.0 
2 30.0 
3 30.0 
4 30.0 
5 30.0 
6 30.0 
assets:
1 1.27 
2 1.27 
3 1.27 
4 31.34 
5 31.34 
6 31.34 
* end dispatch *
DISPATCH 112
loads:
1 0.00 
2 0.00 
3 20.06 
4 20.06 
5 4.87 
6 4.87 
7 4.87 
8 12.42 
9 12.42 
10 4.87 
11 17.14 
12 28.08 
13 33.20 
14 9.99 
15 6.85 
16 9.92 
17 41.58 
18 41.58 
19 41.58 
20 41.58 
21 41.58 
22 27.05 
23 23.90 
24 0.00 
25 0.00 
26 0.00 
27 0.00 
28 0.00 
29 0.00 
Pref:
1 147.69 1.0
2 102.73 1.0
3 0.00 0.0
4 76.98 1.0
5 0.00 0.0
6 15.17 1.0
lambda:
1 60.0 
2 30.0 
3 30.0 
4 30.0 
5 30.0 
6 30.0 
assets:
1 1.00 
2 1.00 
3 1.00 
4 32.13 
5 32.13 
6 32.13 
* end dispatch *
DISPATCH 113
loads:
1 0.00 
2 0.00 
3 20.15 
4 20.15 
5 4.90 
6 4.90 
7 4.90 
8 12.47 
9 12.47 
10 4.90 
11 17.22 
12 28.21 
13 33.34 
14 10.04 
15 6.88 
16 9.97 
17 41.77 
18 41.77 
19 41.77 
20 41.77 
21 41.77 
22 27.18 
23 24.01 
24 0.00 
25 0.00 
26 0.00 
27 0.00 
28 0.00 
29 0.00 
Pref:
1 147.69 1.0
2 102.73 1.0
3 0.00 0.0
4 76.98 1.0
5 0.00 0.0
6 15.17 1.0
lambda:
1 60.0 
2 30.0 
3 30.0 
4 30.0 
5 30.0 
6 30.0 
assets:
1 0.83 
2 0.83 
3 0.83 
4 29.70 
5 29.70 
6 29.70 
* end dispatch *
DISPATCH 114
loads:
1 0.00 
2 0.00 
3 20.09 
4 20.09 
5 4.88 
6 4.88 
7 4.88 
8 12.44 
9 12.44 
10 4.88 
11 17.17 
12 28.13 
13 33.25 
14 10.01 
15 6.86 
16 9.94 
17 41.64 
18 41.64 
19 41.64 
20 41.64 
21 41.64 
22 27.10 
23 23.94 
24 0.00 
25 0.00 
26 0.00 
27 0.00 
28 0.00 
29 0.00 
Pref:
1 147.69 1.0
2 102.73 1.0
3 0.00 0.0
4 76.98 1.0
5 0.00 0.0
6 15.17 1.0
lambda:
1 60.0 
2 30.0 
3 30.0 
4 30.0 
5 30.0 
6 30.0 
assets:
1 0.13 
2 0.13 
3 0.13 
4 31.77 
5 31.77 
6 31.77 
* end dispatch *
DISPATCH 115
loads:
1 0.00 
2 0.00 
3 20.16 
4 20.16 
5 4.90 
6 4.90 
7 4.90 
8 12.48 
9 12.48 
10 4.90 
11 17.22 
12 28.22 
13 33.36 
14 10.04 
15 6.88 
16 9.97 
17 41.78 
18 41.78 
19 41.78 
20 41.78 
21 41.78 
22 27.19 
23 24.02 
24 0.00 
25 0.00 
26 0.00 
27 0.00 
28 0.00 
29 0.00 
Pref:
1 161.21 1.0
2 116.57 1.0
3 0.00 0.0
4 87.35 1.0
5 0.00 0.0
6 14.57 1.0
lambda:
1 60.0 
2 30.0 
3 30.0 
4 30.0 
5 30.0 
6 30.0 
assets:
1 0.27 
2 0.27 
3 0.27 
4 28.24 
5 28.24 
6 28.24 
* end dispatch *
DISPATCH 116
loads:
1 0.00 
2 0.00 
3 20.34 
4 20.34 
5 4.94 
6 4.94 
7 4.94 
8 12.59 
9 12.59 
10 4.94 
11 17.38 
12 28.47 
13 33.65 
14 10.13 
15 6.95 
16 10.06 
17 42.15 
18 42.15 
19 42.15 
20 42.15 
21 42.15 
22 27.43 
23 24.23 
24 0.00 
25 0.00 
26 0.00 
27 0.00 
28 0.00 
29 0.00 
Pref:
1 161.21 1.0
2 116.57 1.0
3 0.00 0.0
4 87.35 1.0
5 0.00 0.0
6 14.57 1.0
lambda:
1 60.0 
2 30.0 
3 30.0 
4 30.0 
5 30.0 
6 30.0 
assets:
4 32.60 
5 32.60 
6 32.60 
* end dispatch *
DISPATCH 117
loads:
1 0.00 
2 0.00 
3 20.56 
4 20.56 
5 4.99 
6 4.99 
7 4.99 
8 12.73 
9 12.73 
10 4.99 
11 17.56 
12 28.78 
13 34.02 
14 10.24 
15 7.02 
16 10.17 
17 42.61 
18 42.61 
19 42.61 
20 42.61 
21 42.61 
22 27.72 
23 24.49 
24 0.00 
25 0.00 
26 0.00 
27 0.00 
28 0.00 
29 0.00 
Pref:
1 161.21 1.0
2 116.57 1.0
3 0.00 0.0
4 87.35 1.0
5 0.00 0.0
6 14.57 1.0
lambda:
1 60.0 
2 30.0 
3 30.0 
4 30.0 
5 30.0 
6 30.0 
assets:
1 0.07 
2 0.07 
3 0.07 
4 33.20 
5 33.20 
6 33.20 
* end dispatch *
DISPATCH 118
loads:
1 0.00 
2 0.00 
3 20.65 
4 20.65 
5 5.02 
6 5.02 
7 5.02 
8 12.78 
9 12.78 
10 5.02 
11 17.64 
12 28.91 
13 34.17 
14 10.29 
15 7.05 
16 10.21 
17 42.80 
18 42.80 
19 42.80 
20 42.80 
21 42.80 
22 27.85 
23 24.60 
24 0.00 
25 0.00 
26 0.00 
27 0.00 
28 0.00 
29 0.00 
Pref:
1 161.21 1.0
2 116.57 1.0
3 0.00 0.0
4 87.35 1.0
5 0.00 0.0
6 14.57 1.0
lambda:
1 60.0 
2 30.0 
3 30.0 
4 30.0 
5 30.0 
6 30.0 
assets:
4 26.74 
5 26.74 
6 26.74 
* end dispatch *
DISPATCH 119
loads:
1 0.00 
2 0.00 
3 21.14 
4 21.14 
5 5.14 
6 5.14 
7 5.14 
8 13.09 
9 13.09 
10 5.14 
11 18.06 
12 29.59 
13 34.98 
14 10.53 
15 7.22 
16 10.45 
17 43.81 
18 43.81 
19 43.81 
20 43.81 
21 43.81 
22 28.51 
23 25.19 
24 0.00 
25 0.00 
26 0.00 
27 0.00 
28 0.00 
29 0.00 
Pref:
1 161.21 1.0
2 116.57 1.0
3 0.00 0.0
4 87.35 1.0
5 0.00 0.0
6 14.57 1.0
lambda:
1 60.0 
2 30.0 
3 30.0 
4 30.0 
5 30.0 
6 30.0 
assets:
4 30.20 
5 30.20 
6 30.20 
* end dispatch *
DISPATCH 120
loads:
1 0.00 
2 0.00 
3 21.50 
4 21.50 
5 5.22 
6 5.22 
7 5.22 
8 13.31 
9 13.31 
10 5.22 
11 18.37 
12 30.09 
13 35.57 
14 10.71 
15 7.34 
16 10.63 
17 44.56 
18 44.56 
19 44.56 
20 44.56 
21 44.56 
22 28.99 
23 25.61 
24 0.00 
25 0.00 
26 0.00 
27 0.00 
28 0.00 
29 0.00 
Pref:
1 157.88 1.0
2 114.15 1.0
3 3.46 1.0
4 85.54 1.0
5 4.40 1.0
6 14.26 1.0
lambda:
1 60.0 
2 30.0 
3 10.0 
4 30.0 
5 10.0 
6 30.0 
assets:
4 29.14 
5 29.14 
6 29.14 
* end dispatch *
DISPATCH 121
loads:
1 0.00 
2 0.00 
3 22.19 
4 22.19 
5 5.39 
6 5.39 
7 5.39 
8 13.74 
9 13.74 
10 5.39 
11 18.96 
12 31.07 
13 36.72 
14 11.05 
15 7.58 
16 10.97 
17 45.99 
18 45.99 
19 45.99 
20 45.99 
21 45.99 
22 29.93 
23 26.44 
24 0.00 
25 0.00 
26 0.00 
27 0.00 
28 0.00 
29 0.00 
Pref:
1 185.78 1.0
2 124.77 1.0
3 9.31 1.0
4 93.50 1.0
5 11.85 1.0
6 15.80 1.0
lambda:
1 60.0 
2 30.0 
3 10.0 
4 30.0 
5 10.0 
6 30.0 
assets:
4 26.04 
5 26.04 
6 26.04 
* end dispatch *
DISPATCH 122
loads:
1 0.00 
2 0.00 
3 22.81 
4 22.81 
5 5.54 
6 5.54 
7 5.54 
8 14.12 
9 14.12 
10 5.54 
11 19.49 
12 31.94 
13 37.75 
14 11.36 
15 7.79 
16 11.28 
17 47.28 
18 47.28 
19 47.28 
20 47.28 
21 47.28 
22 30.76 
23 27.18 
24 0.00 
25 0.00 
26 0.00 
27 0.00 
28 0.00 
29 0.00 
Pref:
1 185.78 1.0
2 124.77 1.0
3 9.31 1.0
4 93.50 1.0
5 11.85 1.0
6 15.80 1.0
lambda:
1 60.0 
2 30.0 
3 10.0 
4 30.0 
5 10.0 
6 30.0 
assets:
4 25.81 
5 25.81 
6 25.81 
* end dispatch *
DISPATCH 123
loads:
1 0.00 
2 0.00 
3 23.18 
4 23.18 
5 5.63 
6 5.63 
7 5.63 
8 14.35 
9 14.35 
10 5.63 
11 19.80 
12 32.45 
13 38.35 
14 11.55 
15 7.92 
16 11.46 
17 48.04 
18 48.04 
19 48.04 
20 48.04 
21 48.04 
22 31.26 
23 27.62 
24 0.00 
25 0.00 
26 0.00 
27 0.00 
28 0.00 
29 0.00 
Pref:
1 185.78 1.0
2 124.77 1.0
3 9.31 1.0
4 93.50 1.0
5 11.85 1.0
6 15.80 1.0
lambda:
1 60.0 
2 30.0 
3 10.0 
4 30.0 
5 10.0 
6 30.0 
assets:
4 26.14 
5 26.14 
6 26.14 
* end dispatch *
DISPATCH 124
loads:
1 0.00 
2 0.00 
3 23.34 
4 23.34 
5 5.67 
6 5.67 
7 5.67 
8 14.45 
9 14.45 
10 5.67 
11 19.94 
12 32.67 
13 38.61 
14 11.62 
15 7.97 
16 11.54 
17 48.37 
18 48.37 
19 48.37 
20 48.37 
21 48.37 
22 31.47 
23 27.80 
24 0.00 
25 0.00 
26 0.00 
27 0.00 
28 0.00 
29 0.00 
Pref:
1 185.78 1.0
2 124.77 1.0
3 9.31 1.0
4 93.50 1.0
5 11.85 1.0
6 15.80 1.0
lambda:
1 60.0 
2 30.0 
3 10.0 
4 30.0 
5 10.0 
6 30.0 
assets:
4 26.11 
5 26.11 
6 26.11 
* end dispatch *
DISPATCH 125
loads:
1 0.00 
2 0.00 
3 23.64 
4 23.64 
5 5.74 
6 5.74 
7 5.74 
8 14.63 
9 14.63 
10 5.74 
11 20.19 
12 33.09 
13 39.11 
14 11.77 
15 8.07 
16 11.69 
17 48.99 
18 48.99 
19 48.99 
20 48.99 
21 48.99 
22 31.87 
23 28.16 
24 0.00 
25 0.00 
26 0.00 
27 0.00 
28 0.00 
29 0.00 
Pref:
1 185.78 1.0
2 124.77 1.0
3 9.31 1.0
4 93.50 1.0
5 11.85 1.0
6 15.80 1.0
lambda:
1 60.0 
2 30.0 
3 10.0 
4 30.0 
5 10.0 
6 30.0 
assets:
4 26.71 
5 26.71 
6 26.71 
* end dispatch *
DISPATCH 126
loads:
1 0.00 
2 0.00 
3 23.73 
4 23.73 
5 5.77 
6 5.77 
7 5.77 
8 14.69 
9 14.69 
10 5.77 
11 20.27 
12 33.22 
13 39.26 
14 11.82 
15 8.10 
16 11.74 
17 49.18 
18 49.18 
19 49.18 
20 49.18 
21 49.18 
22 32.00 
23 28.27 
24 0.00 
25 0.00 
26 0.00 
27 0.00 
28 0.00 
29 0.00 
Pref:
1 185.78 1.0
2 124.77 1.0
3 9.31 1.0
4 93.50 1.0
5 11.85 1.0
6 15.80 1.0
lambda:
1 60.0 
2 30.0 
3 30.0 
4 30.0 
5 30.0 
6 30.0 
assets:
4 25.64 
5 25.64 
6 25.64 
* end dispatch *
DISPATCH 127
loads:
1 0.00 
2 0.00 
3 23.83 
4 23.83 
5 5.79 
6 5.79 
7 5.79 
8 14.75 
9 14.75 
10 5.79 
11 20.35 
12 33.35 
13 39.42 
14 11.87 
15 8.14 
16 11.78 
17 49.38 
18 49.38 
19 49.38 
20 49.38 
21 49.38 
22 32.13 
23 28.38 
24 0.00 
25 0.00 
26 0.00 
27 0.00 
28 0.00 
29 0.00 
Pref:
1 181.03 1.0
2 128.96 1.0
3 17.13 1.0
4 96.63 1.0
5 21.80 1.0
6 17.79 1.0
lambda:
1 60.0 
2 30.0 
3 30.0 
4 30.0 
5 30.0 
6 30.0 
assets:
4 23.91 
5 23.91 
6 23.91 
* end dispatch *
DISPATCH 128
loads:
1 0.00 
2 0.00 
3 23.96 
4 23.96 
5 5.82 
6 5.82 
7 5.82 
8 14.83 
9 14.83 
10 5.82 
11 20.47 
12 33.54 
13 39.65 
14 11.94 
15 8.18 
16 11.85 
17 49.66 
18 49.66 
19 49.66 
20 49.66 
21 49.66 
22 32.31 
23 28.55 
24 0.00 
25 0.00 
26 0.00 
27 0.00 
28 0.00 
29 0.00 
Pref:
1 181.03 1.0
2 128.96 1.0
3 17.13 1.0
4 96.63 1.0
5 21.80 1.0
6 17.79 1.0
lambda:
1 60.0 
2 30.0 
3 30.0 
4 30.0 
5 30.0 
6 30.0 
assets:
4 26.41 
5 26.41 
6 26.41 
* end dispatch *
DISPATCH 129
loads:
1 0.00 
2 0.00 
3 24.25 
4 24.25 
5 5.89 
6 5.89 
7 5.89 
8 15.01 
9 15.01 
10 5.89 
11 20.72 
12 33.95 
13 40.12 
14 12.08 
15 8.28 
16 11.99 
17 50.26 
18 50.26 
19 50.26 
20 50.26 
21 50.26 
22 32.70 
23 28.89 
24 0.00 
25 0.00 
26 0.00 
27 0.00 
28 0.00 
29 0.00 
Pref:
1 181.03 1.0
2 128.96 1.0
3 17.13 1.0
4 96.63 1.0
5 21.80 1.0
6 17.79 1.0
lambda:
1 60.0 
2 30.0 
3 30.0 
4 30.0 
5 30.0 
6 30.0 
assets:
4 21.41 
5 21.41 
6 21.41 
* end dispatch *
DISPATCH 130
loads:
1 0.00 
2 0.00 
3 24.16 
4 24.16 
5 5.87 
6 5.87 
7 5.87 
8 14.96 
9 14.96 
10 5.87 
11 20.64 
12 33.82 
13 39.98 
14 12.03 
15 8.25 
16 11.95 
17 50.07 
18 50.07 
19 50.07 
20 50.07 
21 50.07 
22 32.58 
23 28.78 
24 0.00 
25 0.00 
26 0.00 
27 0.00 
28 0.00 
29 0.00 
Pref:
1 181.03 1.0
2 128.96 1.0
3 17.13 1.0
4 96.63 1.0
5 21.80 1.0
6 17.79 1.0
lambda:
1 60.0 
2 30.0 
3 30.0 
4 30.0 
5 30.0 
6 30.0 
assets:
4 24.41 
5 24.41 
6 24.41 
* end dispatch *
DISPATCH 131
loads:
1 0.00 
2 0.00 
3 24.20 
4 24.20 
5 5.88 
6 5.88 
7 5.88 
8 14.98 
9 14.98 
10 5.88 
11 20.67 
12 33.88 
13 40.04 
14 12.05 
15 8.26 
16 11.97 
17 50.16 
18 50.16 
19 50.16 
20 50.16 
21 50.16 
22 32.63 
23 28.83 
24 0.00 
25 0.00 
26 0.00 
27 0.00 
28 0.00 
29 0.00 
Pref:
1 181.03 1.0
2 128.96 1.0
3 17.13 1.0
4 96.63 1.0
5 21.80 1.0
6 17.79 1.0
lambda:
1 60.0 
2 30.0 
3 30.0 
4 30.0 
5 30.0 
6 30.0 
assets:
4 28.01 
5 28.01 
6 28.01 
* end dispatch *
DISPATCH 132
loads:
1 0.00 
2 0.00 
3 24.15 
4 24.15 
5 5.87 
6 5.87 
7 5.87 
8 14.95 
9 14.95 
10 5.87 
11 20.63 
12 33.81 
13 39.96 
14 12.03 
15 8.25 
16 11.94 
17 50.05 
18 50.05 
19 50.05 
20 50.05 
21 50.05 
22 32.57 
23 28.77 
24 0.00 
25 0.00 
26 0.00 
27 0.00 
28 0.00 
29 0.00 
Pref:
1 181.03 1.0
2 128.96 1.0
3 17.13 1.0
4 96.63 1.0
5 21.80 1.0
6 17.79 1.0
lambda:
1 60.0 
2 30.0 
3 30.0 
4 30.0 
5 30.0 
6 30.0 
assets:
4 27.77 
5 27.77 
6 27.77 
* end dispatch *
DISPATCH 133
loads:
1 0.00 
2 0.00 
3 24.00 
4 24.00 
5 5.83 
6 5.83 
7 5.83 
8 14.86 
9 14.86 
10 5.83 
11 20.50 
12 33.59 
13 39.71 
14 11.95 
15 8.19 
16 11.87 
17 49.74 
18 49.74 
19 49.74 
20 49.74 
21 49.74 
22 32.36 
23 28.59 
24 0.00 
25 0.00 
26 0.00 
27 0.00 
28 0.00 
29 0.00 
Pref:
1 174.36 1.0
2 128.14 1.0
3 5.08 1.0
4 96.02 1.0
5 6.46 1.0
6 17.22 1.0
lambda:
1 60.0 
2 30.0 
3 30.0 
4 30.0 
5 30.0 
6 30.0 
assets:
4 25.31 
5 25.31 
6 25.31 
* end dispatch *
DISPATCH 134
loads:
1 0.00 
2 0.00 
3 23.55 
4 23.55 
5 5.72 
6 5.72 
7 5.72 
8 14.58 
9 14.58 
10 5.72 
11 20.12 
12 32.97 
13 38.97 
14 11.73 
15 8.04 
16 11.65 
17 48.81 
18 48.81 
19 48.81 
20 48.81 
21 48.81 
22 31.76 
23 28.06 
24 0.00 
25 0.00 
26 0.00 
27 0.00 
28 0.00 
29 0.00 
Pref:
1 174.36 1.0
2 128.14 1.0
3 5.08 1.0
4 96.02 1.0
5 6.46 1.0
6 17.22 1.0
lambda:
1 60.0 
2 30.0 
3 30.0 
4 30.0 
5 30.0 
6 30.0 
assets:
4 25.87 
5 25.87 
6 25.87 
* end dispatch *
DISPATCH 135
loads:
1 0.00 
2 0.00 
3 23.47 
4 23.47 
5 5.70 
6 5.70 
7 5.70 
8 14.53 
9 14.53 
10 5.70 
11 20.05 
12 32.86 
13 38.84 
14 11.69 
15 8.01 
16 11.61 
17 48.64 
18 48.64 
19 48.64 
20 48.64 
21 48.64 
22 31.65 
23 27.96 
24 0.00 
25 0.00 
26 0.00 
27 0.00 
28 0.00 
29 0.00 
Pref:
1 174.36 1.0
2 128.14 1.0
3 5.08 1.0
4 96.02 1.0
5 6.46 1.0
6 17.22 1.0
lambda:
1 60.0 
2 30.0 
3 30.0 
4 30.0 
5 30.0 
6 30.0 
assets:
4 26.37 
5 26.37 
6 26.37 
* end dispatch *
DISPATCH 136
loads:
1 0.00 
2 0.00 
3 23.23 
4 23.23 
5 5.64 
6 5.64 
7 5.64 
8 14.38 
9 14.38 
10 5.64 
11 19.85 
12 32.52 
13 38.44 
14 11.57 
15 7.93 
16 11.49 
17 48.15 
18 48.15 
19 48.15 
20 48.15 
21 48.15 
22 31.33 
23 27.68 
24 0.00 
25 0.00 
26 0.00 
27 0.00 
28 0.00 
29 0.00 
Pref:
1 174.36 1.0
2 128.14 1.0
3 5.08 1.0
4 96.02 1.0
5 6.46 1.0
6 17.22 1.0
lambda:
1 60.0 
2 30.0 
3 30.0 
4 30.0 
5 30.0 
6 30.0 
assets:
4 27.27 
5 27.27 
6 27.27 
* end dispatch *
DISPATCH 137
loads:
1 0.00 
2 0.00 
3 22.68 
4 22.68 
5 5.51 
6 5.51 
7 5.51 
8 14.04 
9 14.04 
10 5.51 
11 19.37 
12 31.75 
13 37.53 
14 11.30 
15 7.74 
16 11.22 
17 47.00 
18 47.00 
19 47.00 
20 47.00 
21 47.00 
22 30.58 
23 27.02 
24 0.00 
25 0.00 
26 0.00 
27 0.00 
28 0.00 
29 0.00 
Pref:
1 174.36 1.0
2 128.14 1.0
3 5.08 1.0
4 96.02 1.0
5 6.46 1.0
6 17.22 1.0
lambda:
1 60.0 
2 30.0 
3 30.0 
4 30.0 
5 30.0 
6 30.0 
assets:
4 28.77 
5 28.77 
6 28.77 
* end dispatch *
DISPATCH 138
loads:
1 0.00 
2 0.00 
3 22.29 
4 22.29 
5 5.42 
6 5.42 
7 5.42 
8 13.80 
9 13.80 
10 5.42 
11 19.04 
12 31.20 
13 36.88 
14 11.10 
15 7.61 
16 11.02 
17 46.20 
18 46.20 
19 46.20 
20 46.20 
21 46.20 
22 30.06 
23 26.56 
24 0.00 
25 0.00 
26 0.00 
27 0.00 
28 0.00 
29 0.00 
Pref:
1 174.36 1.0
2 128.14 1.0
3 5.08 1.0
4 96.02 1.0
5 6.46 1.0
6 17.22 1.0
lambda:
1 60.0 
2 30.0 
3 30.0 
4 30.0 
5 30.0 
6 30.0 
assets:
4 28.24 
5 28.24 
6 28.24 
* end dispatch *
DISPATCH 139
loads:
1 0.00 
2 0.00 
3 21.75 
4 21.75 
5 5.28 
6 5.28 
7 5.28 
8 13.47 
9 13.47 
10 5.28 
11 18.58 
12 30.45 
13 35.99 
14 10.84 
15 7.43 
16 10.76 
17 45.08 
18 45.08 
19 45.08 
20 45.08 
21 45.08 
22 29.33 
23 25.92 
24 0.00 
25 0.00 
26 0.00 
27 0.00 
28 0.00 
29 0.00 
Pref:
1 113.56 1.0
2 126.20 1.0
3 2.19 1.0
4 94.57 1.0
5 2.78 1.0
6 16.09 1.0
lambda:
1 60.0 
2 30.0 
3 30.0 
4 30.0 
5 30.0 
6 30.0 
assets:
4 28.40 
5 28.40 
6 28.40 
* end dispatch *
DISPATCH 140
loads:
1 0.00 
2 0.00 
3 21.14 
4 21.14 
5 5.14 
6 5.14 
7 5.14 
8 13.09 
9 13.09 
10 5.14 
11 18.06 
12 29.59 
13 34.98 
14 10.53 
15 7.22 
16 10.45 
17 43.81 
18 43.81 
19 43.81 
20 43.81 
21 43.81 
22 28.51 
23 25.19 
24 0.00 
25 0.00 
26 0.00 
27 0.00 
28 0.00 
29 0.00 
Pref:
1 115.17 1.0
2 127.99 1.0
3 0.00 0.0
4 95.91 1.0
5 0.00 0.0
6 16.31 1.0
lambda:
1 60.0 
2 30.0 
3 10.0 
4 30.0 
5 10.0 
6 30.0 
assets:
4 26.71 
5 26.71 
6 26.71 
* end dispatch *
DISPATCH 141
loads:
1 0.00 
2 0.00 
3 20.57 
4 20.57 
5 5.00 
6 5.00 
7 5.00 
8 12.73 
9 12.73 
10 5.00 
11 17.57 
12 28.79 
13 34.03 
14 10.25 
15 7.02 
16 10.17 
17 42.63 
18 42.63 
19 42.63 
20 42.63 
21 42.63 
22 27.74 
23 24.50 
24 0.00 
25 0.00 
26 0.00 
27 0.00 
28 0.00 
29 0.00 
Pref:
1 115.17 1.0
2 127.99 1.0
3 0.00 0.0
4 95.91 1.0
5 0.00 0.0
6 16.31 1.0
lambda:
1 60.0 
2 30.0 
3 10.0 
4 30.0 
5 10.0 
6 30.0 
assets:
4 24.94 
5 24.94 
6 24.94 
* end dispatch *
DISPATCH 142
loads:
1 0.00 
2 0.00 
3 19.93 
4 19.93 
5 4.84 
6 4.84 
7 4.84 
8 12.34 
9 12.34 
10 4.84 
11 17.02 
12 27.90 
13 32.97 
14 9.93 
15 6.80 
16 9.86 
17 41.30 
18 41.30 
19 41.30 
20 41.30 
21 41.30 
22 26.87 
23 23.74 
24 0.00 
25 0.00 
26 0.00 
27 0.00 
28 0.00 
29 0.00 
Pref:
1 115.17 1.0
2 127.99 1.0
3 0.00 0.0
4 95.91 1.0
5 0.00 0.0
6 16.31 1.0
lambda:
1 60.0 
2 30.0 
3 10.0 
4 30.0 
5 10.0 
6 30.0 
assets:
4 27.11 
5 27.11 
6 27.11 
* end dispatch *
DISPATCH 143
loads:
1 0.00 
2 0.00 
3 19.53 
4 19.53 
5 4.74 
6 4.74 
7 4.74 
8 12.09 
9 12.09 
10 4.74 
11 16.68 
12 27.33 
13 32.31 
14 9.73 
15 6.67 
16 9.66 
17 40.47 
18 40.47 
19 40.47 
20 40.47 
21 40.47 
22 26.33 
23 23.26 
24 0.00 
25 0.00 
26 0.00 
27 0.00 
28 0.00 
29 0.00 
Pref:
1 115.17 1.0
2 127.99 1.0
3 0.00 0.0
4 95.91 1.0
5 0.00 0.0
6 16.31 1.0
lambda:
1 60.0 
2 30.0 
3 10.0 
4 30.0 
5 10.0 
6 30.0 
assets:
4 27.27 
5 27.27 
6 27.27 
* end dispatch *
DISPATCH 144
loads:
1 0.00 
2 0.00 
3 19.03 
4 19.03 
5 4.62 
6 4.62 
7 4.62 
8 11.78 
9 11.78 
10 4.62 
11 16.26 
12 26.64 
13 31.49 
14 9.48 
15 6.50 
16 9.41 
17 39.44 
18 39.44 
19 39.44 
20 39.44 
21 39.44 
22 25.66 
23 22.67 
24 0.00 
25 0.00 
26 0.00 
27 0.00 
28 0.00 
29 0.00 
Pref:
1 115.17 1.0
2 127.99 1.0
3 0.00 0.0
4 95.91 1.0
5 0.00 0.0
6 16.31 1.0
lambda:
1 60.0 
2 30.0 
3 10.0 
4 30.0 
5 10.0 
6 30.0 
assets:
4 24.41 
5 24.41 
6 24.41 
* end dispatch *
DISPATCH 145
loads:
1 0.00 
2 0.00 
3 18.51 
4 18.51 
5 4.50 
6 4.50 
7 4.50 
8 11.46 
9 11.46 
10 4.50 
11 15.81 
12 25.91 
13 30.62 
14 9.22 
15 6.32 
16 9.15 
17 38.35 
18 38.35 
19 38.35 
20 38.35 
21 38.35 
22 24.96 
23 22.05 
24 0.00 
25 0.00 
26 0.00 
27 0.00 
28 0.00 
29 0.00 
Pref:
1 143.61 1.0
2 76.71 1.0
3 0.00 0.0
4 57.48 1.0
5 0.00 0.0
6 14.31 1.0
lambda:
1 60.0 
2 30.0 
3 10.0 
4 30.0 
5 10.0 
6 30.0 
assets:
4 24.68 
5 24.68 
6 24.68 
* end dispatch *
DISPATCH 146
loads:
1 0.00 
2 0.00 
3 17.99 
4 17.99 
5 4.37 
6 4.37 
7 4.37 
8 11.14 
9 11.14 
10 4.37 
11 15.37 
12 25.19 
13 29.77 
14 8.96 
15 6.14 
16 8.90 
17 37.29 
18 37.29 
19 37.29 
20 37.29 
21 37.29 
22 24.26 
23 21.43 
24 0.00 
25 0.00 
26 0.00 
27 0.00 
28 0.00 
29 0.00 
Pref:
1 143.61 1.0
2 76.71 1.0
3 0.00 0.0
4 57.48 1.0
5 0.00 0.0
6 14.31 1.0
lambda:
1 60.0 
2 30.0 
3 30.0 
4 30.0 
5 30.0 
6 30.0 
assets:
4 27.54 
5 27.54 
6 27.54 
* end dispatch *
DISPATCH 147
loads:
1 0.00 
2 0.00 
3 17.48 
4 17.48 
5 4.25 
6 4.25 
7 4.25 
8 10.82 
9 10.82 
10 4.25 
11 14.93 
12 24.47 
13 28.92 
14 8.71 
15 5.97 
16 8.64 
17 36.22 
18 36.22 
19 36.22 
20 36.22 
21 36.22 
22 23.57 
23 20.82 
24 0.00 
25 0.00 
26 0.00 
27 0.00 
28 0.00 
29 0.00 
Pref:
1 143.61 1.0
2 76.71 1.0
3 0.00 0.0
4 57.48 1.0
5 0.00 0.0
6 14.31 1.0
lambda:
1 60.0 
2 30.0 
3 30.0 
4 30.0 
5 30.0 
6 30.0 
assets:
4 26.97 
5 26.97 
6 26.97 
* end dispatch *
DISPATCH 148
loads:
1 0.00 
2 0.00 
3 16.99 
4 16.99 
5 4.13 
6 4.13 
7 4.13 
8 10.52 
9 10.52 
10 4.13 
11 14.52 
12 23.79 
13 28.12 
14 8.47 
15 5.80 
16 8.40 
17 35.22 
18 35.22 
19 35.22 
20 35.22 
21 35.22 
22 22.92 
23 20.25 
24 0.00 
25 0.00 
26 0.00 
27 0.00 
28 0.00 
29 0.00 
Pref:
1 143.61 1.0
2 76.71 1.0
3 0.00 0.0
4 57.48 1.0
5 0.00 0.0
6 14.31 1.0
lambda:
1 60.0 
2 30.0 
3 30.0 
4 30.0 
5 30.0 
6 30.0 
assets:
4 27.37 
5 27.37 
6 27.37 
* end dispatch *
DISPATCH 149
loads:
1 0.00 
2 0.00 
3 16.42 
4 16.42 
5 3.99 
6 3.99 
7 3.99 
8 10.16 
9 10.16 
10 3.99 
11 14.02 
12 22.98 
13 27.16 
14 8.18 
15 5.61 
16 8.12 
17 34.02 
18 34.02 
19 34.02 
20 34.02 
21 34.02 
22 22.14 
23 19.56 
24 0.00 
25 0.00 
26 0.00 
27 0.00 
28 0.00 
29 0.00 
Pref:
1 143.61 1.0
2 76.71 1.0
3 0.00 0.0
4 57.48 1.0
5 0.00 0.0
6 14.31 1.0
lambda:
1 60.0 
2 30.0 
3 30.0 
4 30.0 
5 30.0 
6 30.0 
assets:
4 29.87 
5 29.87 
6 29.87 
* end dispatch *
DISPATCH 150
loads:
1 0.00 
2 0.00 
3 15.97 
4 15.97 
5 3.88 
6 3.88 
7 3.88 
8 9.88 
9 9.88 
10 3.88 
11 13.64 
12 22.35 
13 26.42 
14 7.95 
15 5.45 
16 7.90 
17 33.09 
18 33.09 
19 33.09 
20 33.09 
21 33.09 
22 21.53 
23 19.02 
24 0.00 
25 0.00 
26 0.00 
27 0.00 
28 0.00 
29 0.00 
Pref:
1 143.61 1.0
2 76.71 1.0
3 0.00 0.0
4 57.48 1.0
5 0.00 0.0
6 14.31 1.0
lambda:
1 60.0 
2 30.0 
3 30.0 
4 30.0 
5 30.0 
6 30.0 
assets:
4 27.61 
5 27.61 
6 27.61 
* end dispatch *
DISPATCH 151
loads:
1 0.00 
2 0.00 
3 15.67 
4 15.67 
5 3.81 
6 3.81 
7 3.81 
8 9.70 
9 9.70 
10 3.81 
11 13.38 
12 21.93 
13 25.92 
14 7.80 
15 5.35 
16 7.75 
17 32.47 
18 32.47 
19 32.47 
20 32.47 
21 32.47 
22 21.12 
23 18.66 
24 0.00 
25 0.00 
26 0.00 
27 0.00 
28 0.00 
29 0.00 
Pref:
1 140.18 1.0
2 57.10 1.0
3 0.00 0.0
4 42.79 1.0
5 0.00 0.0
6 15.10 1.0
lambda:
1 60.0 
2 30.0 
3 30.0 
4 30.0 
5 30.0 
6 30.0 
assets:
4 28.01 
5 28.01 
6 28.01 
* end dispatch *
DISPATCH 152
loads:
1 0.00 
2 0.00 
3 15.43 
4 15.43 
5 3.75 
6 3.75 
7 3.75 
8 9.55 
9 9.55 
10 3.75 
11 13.18 
12 21.60 
13 25.53 
14 7.69 
15 5.27 
16 7.63 
17 31.98 
18 31.98 
19 31.98 
20 31.98 
21 31.98 
22 20.81 
23 18.38 
24 0.00 
25 0.00 
26 0.00 
27 0.00 
28 0.00 
29 0.00 
Pref:
1 140.18 1.0
2 57.10 1.0
3 0.00 0.0
4 42.79 1.0
5 0.00 0.0
6 15.10 1.0
lambda:
1 60.0 
2 30.0 
3 30.0 
4 30.0 
5 30.0 
6 30.0 
assets:
4 25.17 
5 25.17 
6 25.17 
* end dispatch *
DISPATCH 153
loads:
1 0.00 
2 0.00 
3 15.23 
4 15.23 
5 3.70 
6 3.70 
7 3.70 
8 9.43 
9 9.43 
10 3.70 
11 13.01 
12 21.32 
13 25.20 
14 7.59 
15 5.20 
16 7.53 
17 31.57 
18 31.57 
19 31.57 
20 31.57 
21 31.57 
22 20.54 
23 18.15 
24 0.00 
25 0.00 
26 0.00 
27 0.00 
28 0.00 
29 0.00 
Pref:
1 140.18 1.0
2 57.10 1.0
3 0.00 0.0
4 42.79 1.0
5 0.00 0.0
6 15.10 1.0
lambda:
1 60.0 
2 30.0 
3 30.0 
4 30.0 
5 30.0 
6 30.0 
assets:
4 26.61 
5 26.61 
6 26.61 
* end dispatch *
DISPATCH 154
loads:
1 0.00 
2 0.00 
3 14.95 
4 14.95 
5 3.63 
6 3.63 
7 3.63 
8 9.25 
9 9.25 
10 3.63 
11 12.77 
12 20.93 
13 24.74 
14 7.45 
15 5.10 
16 7.39 
17 30.98 
18 30.98 
19 30.98 
20 30.98 
21 30.98 
22 20.16 
23 17.81 
24 0.00 
25 0.00 
26 0.00 
27 0.00 
28 0.00 
29 0.00 
Pref:
1 140.18 1.0
2 57.10 1.0
3 0.00 0.0
4 42.79 1.0
5 0.00 0.0
6 15.10 1.0
lambda:
1 60.0 
2 30.0 
3 30.0 
4 30.0 
5 30.0 
6 30.0 
assets:
4 24.48 
5 24.48 
6 24.48 
* end dispatch *
DISPATCH 155
loads:
1 0.00 
2 0.00 
3 14.64 
4 14.64 
5 3.56 
6 3.56 
7 3.56 
8 9.06 
9 9.06 
10 3.56 
11 12.51 
12 20.50 
13 24.22 
14 7.29 
15 5.00 
16 7.24 
17 30.34 
18 30.34 
19 30.34 
20 30.34 
21 30.34 
22 19.74 
23 17.44 
24 0.00 
25 0.00 
26 0.00 
27 0.00 
28 0.00 
29 0.00 
Pref:
1 140.18 1.0
2 57.10 1.0
3 0.00 0.0
4 42.79 1.0
5 0.00 0.0
6 15.10 1.0
lambda:
1 60.0 
2 30.0 
3 30.0 
4 30.0 
5 30.0 
6 30.0 
assets:
4 23.21 
5 23.21 
6 23.21 
* end dispatch *
DISPATCH 156
loads:
1 0.00 
2 0.00 
3 14.34 
4 14.34 
5 3.48 
6 3.48 
7 3.48 
8 8.87 
9 8.87 
10 3.48 
11 12.25 
12 20.07 
13 23.72 
14 7.14 
15 4.90 
16 7.09 
17 29.71 
18 29.71 
19 29.71 
20 29.71 
21 29.71 
22 19.33 
23 17.08 
24 0.00 
25 0.00 
26 0.00 
27 0.00 
28 0.00 
29 0.00 
Pref:
1 140.18 1.0
2 57.10 1.0
3 0.00 0.0
4 42.79 1.0
5 0.00 0.0
6 15.10 1.0
lambda:
1 60.0 
2 30.0 
3 30.0 
4 30.0 
5 30.0 
6 30.0 
assets:
4 22.74 
5 22.74 
6 22.74 
* end dispatch *
