DISPATCH 1
loads:
1 0.00 
2 0.00 
3 18.07 
4 18.07 
5 4.39 
6 4.39 
7 4.39 
8 11.19 
9 11.19 
10 4.39 
11 15.44 
12 25.30 
13 29.90 
14 9.00 
15 6.17 
16 8.94 
17 37.45 
18 37.45 
19 37.45 
20 37.45 
21 37.45 
22 24.37 
23 21.53 
24 0.00 
25 0.00 
26 0.00 
27 0.00 
28 0.00 
29 0.00 
Pref:
1 136.18 1.0
2 101.77 1.0
3 2.11 1.0
4 76.26 1.0
5 2.69 1.0
6 23.68 1.0
lambda:
1 60.0 
2 30.0 
3 30.0 
4 30.0 
5 30.0 
6 30.0 
assets:
4 5.93 
5 5.93 
6 5.93 
* end dispatch *
DISPATCH 2
loads:
1 0.00 
2 0.00 
3 17.66 
4 17.66 
5 4.29 
6 4.29 
7 4.29 
8 10.93 
9 10.93 
10 4.29 
11 15.09 
12 24.72 
13 29.22 
14 8.80 
15 6.03 
16 8.73 
17 36.60 
18 36.60 
19 36.60 
20 36.60 
21 36.60 
22 23.82 
23 21.04 
24 0.00 
25 0.00 
26 0.00 
27 0.00 
28 0.00 
29 0.00 
Pref:
1 138.11 1.0
2 103.22 1.0
3 0.00 0.0
4 77.34 1.0
5 0.00 0.0
6 24.02 1.0
lambda:
1 60.0 
2 30.0 
3 10.0 
4 30.0 
5 10.0 
6 30.0 
assets:
4 11.85 
5 11.85 
6 11.85 
* end dispatch *
DISPATCH 3
loads:
1 0.00 
2 0.00 
3 17.16 
4 17.16 
5 4.17 
6 4.17 
7 4.17 
8 10.62 
9 10.62 
10 4.17 
11 14.66 
12 24.01 
13 28.38 
14 8.55 
15 5.86 
16 8.48 
17 35.55 
18 35.55 
19 35.55 
20 35.55 
21 35.55 
22 23.13 
23 20.44 
24 0.00 
25 0.00 
26 0.00 
27 0.00 
28 0.00 
29 0.00 
Pref:
1 138.11 1.0
2 103.22 1.0
3 0.00 0.0
4 77.34 1.0
5 0.00 0.0
6 24.02 1.0
lambda:
1 60.0 
2 30.0 
3 10.0 
4 30.0 
5 10.0 
6 30.0 
assets:
4 8.92 
5 8.92 
6 8.92 
* end dispatch *
DISPATCH 4
loads:
1 0.00 
2 0.00 
3 16.58 
4 16.58 
5 4.03 
6 4.03 
7 4.03 
8 10.26 
9 10.26 
10 4.03 
11 14.16 
12 23.21 
13 27.43 
14 8.26 
15 5.66 
16 8.20 
17 34.36 
18 34.36 
19 34.36 
20 34.36 
21 34.36 
22 22.36 
23 19.75 
24 0.00 
25 0.00 
26 0.00 
27 0.00 
28 0.00 
29 0.00 
Pref:
1 138.11 1.0
2 103.22 1.0
3 0.00 0.0
4 77.34 1.0
5 0.00 0.0
6 24.02 1.0
lambda:
1 60.0 
2 30.0 
3 10.0 
4 30.0 
5 10.0 
6 30.0 
assets:
4 8.82 
5 8.82 
6 8.82 
* end dispatch *
DISPATCH 5
loads:
1 0.00 
2 0.00 
3 16.14 
4 16.14 
5 3.92 
6 3.92 
7 3.92 
8 9.99 
9 9.99 
10 3.92 
11 13.79 
12 22.59 
13 26.70 
14 8.04 
15 5.51 
16 7.98 
17 33.45 
18 33.45 
19 33.45 
20 33.45 
21 33.45 
22 21.76 
23 19.23 
24 0.00 
25 0.00 
26 0.00 
27 0.00 
28 0.00 
29 0.00 
Pref:
1 138.11 1.0
2 103.22 1.0
3 0.00 0.0
4 77.34 1.0
5 0.00 0.0
6 24.02 1.0
lambda:
1 60.0 
2 30.0 
3 10.0 
4 30.0 
5 10.0 
6 30.0 
assets:
4 10.22 
5 10.22 
6 10.22 
* end dispatch *
DISPATCH 6
loads:
1 0.00 
2 0.00 
3 15.77 
4 15.77 
5 3.83 
6 3.83 
7 3.83 
8 9.76 
9 9.76 
10 3.83 
11 13.47 
12 22.07 
13 26.09 
14 7.85 
15 5.38 
16 7.80 
17 32.68 
18 32.68 
19 32.68 
20 32.68 
21 32.68 
22 21.26 
23 18.79 
24 0.00 
25 0.00 
26 0.00 
27 0.00 
28 0.00 
29 0.00 
Pref:
1 138.11 1.0
2 103.22 1.0
3 0.00 0.0
4 77.34 1.0
5 0.00 0.0
6 24.02 1.0
lambda:
1 60.0 
2 30.0 
3 10.0 
4 30.0 
5 10.0 
6 30.0 
assets:
4 9.06 
5 9.06 
6 9.06 
* end dispatch *
DISPATCH 7
loads:
1 0.00 
2 0.00 
3 15.21 
4 15.21 
5 3.70 
6 3.70 
7 3.70 
8 9.42 
9 9.42 
10 3.70 
11 13.00 
12 21.30 
13 25.17 
14 7.58 
15 5.19 
16 7.52 
17 31.53 
18 31.53 
19 31.53 
20 31.53 
21 31.53 
22 20.52 
23 18.12 
24 0.00 
25 0.00 
26 0.00 
27 0.00 
28 0.00 
29 0.00 
Pref:
1 140.51 1.0
2 68.42 1.0
3 0.00 0.0
4 51.27 1.0
5 0.00 0.0
6 25.04 1.0
lambda:
1 60.0 
2 30.0 
3 10.0 
4 30.0 
5 10.0 
6 30.0 
assets:
4 11.36 
5 11.36 
6 11.36 
* end dispatch *
DISPATCH 8
loads:
1 0.00 
2 0.00 
3 15.32 
4 15.32 
5 3.72 
6 3.72 
7 3.72 
8 9.48 
9 9.48 
10 3.72 
11 13.08 
12 21.44 
13 25.34 
14 7.63 
15 5.23 
16 7.57 
17 31.74 
18 31.74 
19 31.74 
20 31.74 
21 31.74 
22 20.65 
23 18.25 
24 0.00 
25 0.00 
26 0.00 
27 0.00 
28 0.00 
29 0.00 
Pref:
1 140.51 1.0
2 68.42 1.0
3 0.00 0.0
4 51.27 1.0
5 0.00 0.0
6 25.04 1.0
lambda:
1 60.0 
2 30.0 
3 30.0 
4 30.0 
5 30.0 
6 30.0 
assets:
4 16.15 
5 16.15 
6 16.15 
* end dispatch *
DISPATCH 9
loads:
1 0.00 
2 0.00 
3 15.06 
4 15.06 
5 3.66 
6 3.66 
7 3.66 
8 9.32 
9 9.32 
10 3.66 
11 12.86 
12 21.08 
13 24.91 
14 7.50 
15 5.14 
16 7.45 
17 31.21 
18 31.21 
19 31.21 
20 31.21 
21 31.21 
22 20.30 
23 17.94 
24 0.00 
25 0.00 
26 0.00 
27 0.00 
28 0.00 
29 0.00 
Pref:
1 140.51 1.0
2 68.42 1.0
3 0.00 0.0
4 51.27 1.0
5 0.00 0.0
6 25.04 1.0
lambda:
1 60.0 
2 30.0 
3 30.0 
4 30.0 
5 30.0 
6 30.0 
assets:
4 19.15 
5 19.15 
6 19.15 
* end dispatch *
DISPATCH 10
loads:
1 0.00 
2 0.00 
3 14.66 
4 14.66 
5 3.56 
6 3.56 
7 3.56 
8 9.07 
9 9.07 
10 3.56 
11 12.52 
12 20.52 
13 24.25 
14 7.30 
15 5.01 
16 7.25 
17 30.38 
18 30.38 
19 30.38 
20 30.38 
21 30.38 
22 19.77 
23 17.46 
24 0.00 
25 0.00 
26 0.00 
27 0.00 
28 0.00 
29 0.00 
Pref:
1 140.51 1.0
2 68.42 1.0
3 0.00 0.0
4 51.27 1.0
5 0.00 0.0
6 25.04 1.0
lambda:
1 60.0 
2 30.0 
3 30.0 
4 30.0 
5 30.0 
6 30.0 
assets:
4 14.15 
5 14.15 
6 14.15 
* end dispatch *
DISPATCH 11
loads:
1 0.00 
2 0.00 
3 14.35 
4 14.35 
5 3.49 
6 3.49 
7 3.49 
8 8.88 
9 8.88 
10 3.49 
11 12.26 
12 20.08 
13 23.74 
14 7.15 
15 4.90 
16 7.09 
17 29.73 
18 29.73 
19 29.73 
20 29.73 
21 29.73 
22 19.35 
23 17.09 
24 0.00 
25 0.00 
26 0.00 
27 0.00 
28 0.00 
29 0.00 
Pref:
1 140.51 1.0
2 68.42 1.0
3 0.00 0.0
4 51.27 1.0
5 0.00 0.0
6 25.04 1.0
lambda:
1 60.0 
2 30.0 
3 30.0 
4 30.0 
5 30.0 
6 30.0 
assets:
4 8.99 
5 8.99 
6 8.99 
* end dispatch *
DISPATCH 12
loads:
1 0.00 
2 0.00 
3 14.11 
4 14.11 
5 3.43 
6 3.43 
7 3.43 
8 8.74 
9 8.74 
10 3.43 
11 12.06 
12 19.76 
13 23.35 
14 7.03 
15 4.82 
16 6.98 
17 29.25 
18 29.25 
19 29.25 
20 29.25 
21 29.25 
22 19.03 
23 16.81 
24 0.00 
25 0.00 
26 0.00 
27 0.00 
28 0.00 
29 0.00 
Pref:
1 140.51 1.0
2 68.42 1.0
3 0.00 0.0
4 51.27 1.0
5 0.00 0.0
6 25.04 1.0
lambda:
1 60.0 
2 30.0 
3 30.0 
4 30.0 
5 30.0 
6 30.0 
assets:
4 5.19 
5 5.19 
6 5.19 
* end dispatch *
DISPATCH 13
loads:
1 0.00 
2 0.00 
3 13.88 
4 13.88 
5 3.37 
6 3.37 
7 3.37 
8 8.59 
9 8.59 
10 3.37 
11 11.85 
12 19.42 
13 22.96 
14 6.91 
15 4.74 
16 6.86 
17 28.76 
18 28.76 
19 28.76 
20 28.76 
21 28.76 
22 18.71 
23 16.53 
24 0.00 
25 0.00 
26 0.00 
27 0.00 
28 0.00 
29 0.00 
Pref:
1 152.35 1.0
2 62.27 1.0
3 0.00 0.0
4 46.66 1.0
5 0.00 0.0
6 14.57 1.0
lambda:
1 60.0 
2 30.0 
3 30.0 
4 30.0 
5 30.0 
6 30.0 
assets:
4 4.96 
5 4.96 
6 4.96 
* end dispatch *
DISPATCH 14
loads:
1 0.00 
2 0.00 
3 13.63 
4 13.63 
5 3.31 
6 3.31 
7 3.31 
8 8.44 
9 8.44 
10 3.31 
11 11.64 
12 19.08 
13 22.55 
14 6.79 
15 4.65 
16 6.74 
17 28.25 
18 28.25 
19 28.25 
20 28.25 
21 28.25 
22 18.38 
23 16.24 
24 0.00 
25 0.00 
26 0.00 
27 0.00 
28 0.00 
29 0.00 
Pref:
1 152.35 1.0
2 62.27 1.0
3 0.00 0.0
4 46.66 1.0
5 0.00 0.0
6 14.57 1.0
lambda:
1 60.0 
2 30.0 
3 30.0 
4 30.0 
5 30.0 
6 30.0 
assets:
4 6.59 
5 6.59 
6 6.59 
* end dispatch *
DISPATCH 15
loads:
1 0.00 
2 0.00 
3 13.46 
4 13.46 
5 3.27 
6 3.27 
7 3.27 
8 8.33 
9 8.33 
10 3.27 
11 11.50 
12 18.85 
13 22.28 
14 6.71 
15 4.60 
16 6.66 
17 27.91 
18 27.91 
19 27.91 
20 27.91 
21 27.91 
22 18.16 
23 16.04 
24 0.00 
25 0.00 
26 0.00 
27 0.00 
28 0.00 
29 0.00 
Pref:
1 152.35 1.0
2 62.27 1.0
3 0.00 0.0
4 46.66 1.0
5 0.00 0.0
6 14.57 1.0
lambda:
1 60.0 
2 30.0 
3 30.0 
4 30.0 
5 30.0 
6 30.0 
assets:
4 7.53 
5 7.53 
6 7.53 
* end dispatch *
DISPATCH 16
loads:
1 0.00 
2 0.00 
3 13.25 
4 13.25 
5 3.22 
6 3.22 
7 3.22 
8 8.20 
9 8.20 
10 3.22 
11 11.32 
12 18.55 
13 21.93 
14 6.60 
15 4.53 
16 6.55 
17 27.47 
18 27.47 
19 27.47 
20 27.47 
21 27.47 
22 17.87 
23 15.79 
24 0.00 
25 0.00 
26 0.00 
27 0.00 
28 0.00 
29 0.00 
Pref:
1 152.35 1.0
2 62.27 1.0
3 0.00 0.0
4 46.66 1.0
5 0.00 0.0
6 14.57 1.0
lambda:
1 60.0 
2 30.0 
3 30.0 
4 30.0 
5 30.0 
6 30.0 
assets:
4 6.06 
5 6.06 
6 6.06 
* end dispatch *
DISPATCH 17
loads:
1 0.00 
2 0.00 
3 13.18 
4 13.18 
5 3.20 
6 3.20 
7 3.20 
8 8.16 
9 8.16 
10 3.20 
11 11.26 
12 18.45 
13 21.80 
14 6.56 
15 4.50 
16 6.52 
17 27.31 
18 27.31 
19 27.31 
20 27.31 
21 27.31 
22 17.77 
23 15.70 
24 0.00 
25 0.00 
26 0.00 
27 0.00 
28 0.00 
29 0.00 
Pref:
1 152.35 1.0
2 62.27 1.0
3 0.00 0.0
4 46.66 1.0
5 0.00 0.0
6 14.57 1.0
lambda:
1 60.0 
2 30.0 
3 30.0 
4 30.0 
5 30.0 
6 30.0 
assets:
4 7.96 
5 7.96 
6 7.96 
* end dispatch *
DISPATCH 18
loads:
1 0.00 
2 0.00 
3 13.05 
4 13.05 
5 3.17 
6 3.17 
7 3.17 
8 8.08 
9 8.08 
10 3.17 
11 11.15 
12 18.27 
13 21.60 
14 6.50 
15 4.46 
16 6.46 
17 27.05 
18 27.05 
19 27.05 
20 27.05 
21 27.05 
22 17.60 
23 15.55 
24 0.00 
25 0.00 
26 0.00 
27 0.00 
28 0.00 
29 0.00 
Pref:
1 152.35 1.0
2 62.27 1.0
3 0.00 0.0
4 46.66 1.0
5 0.00 0.0
6 14.57 1.0
lambda:
1 60.0 
2 30.0 
3 30.0 
4 30.0 
5 30.0 
6 30.0 
assets:
4 6.19 
5 6.19 
6 6.19 
* end dispatch *
DISPATCH 19
loads:
1 0.00 
2 0.00 
3 12.87 
4 12.87 
5 3.13 
6 3.13 
7 3.13 
8 7.97 
9 7.97 
10 3.13 
11 10.99 
12 18.02 
13 21.29 
14 6.41 
15 4.39 
16 6.36 
17 26.67 
18 26.67 
19 26.67 
20 26.67 
21 26.67 
22 17.35 
23 15.33 
24 0.00 
25 0.00 
26 0.00 
27 0.00 
28 0.00 
29 0.00 
Pref:
1 151.80 1.0
2 58.27 1.0
3 0.00 0.0
4 43.67 1.0
5 0.00 0.0
6 15.08 1.0
lambda:
1 60.0 
2 30.0 
3 30.0 
4 30.0 
5 30.0 
6 30.0 
assets:
4 8.09 
5 8.09 
6 8.09 
* end dispatch *
DISPATCH 20
loads:
1 0.00 
2 0.00 
3 12.84 
4 12.84 
5 3.12 
6 3.12 
7 3.12 
8 7.95 
9 7.95 
10 3.12 
11 10.97 
12 17.97 
13 21.24 
14 6.40 
15 4.38 
16 6.35 
17 26.61 
18 26.61 
19 26.61 
20 26.61 
21 26.61 
22 17.31 
23 15.29 
24 0.00 
25 0.00 
26 0.00 
27 0.00 
28 0.00 
29 0.00 
Pref:
1 151.80 1.0
2 58.27 1.0
3 0.00 0.0
4 43.67 1.0
5 0.00 0.0
6 15.08 1.0
lambda:
1 60.0 
2 30.0 
3 30.0 
4 30.0 
5 30.0 
6 30.0 
assets:
4 10.79 
5 10.79 
6 10.79 
* end dispatch *
DISPATCH 21
loads:
1 0.00 
2 0.00 
3 12.66 
4 12.66 
5 3.08 
6 3.08 
7 3.08 
8 7.84 
9 7.84 
10 3.08 
11 10.81 
12 17.72 
13 20.95 
14 6.31 
15 4.32 
16 6.26 
17 26.24 
18 26.24 
19 26.24 
20 26.24 
21 26.24 
22 17.07 
23 15.08 
24 0.00 
25 0.00 
26 0.00 
27 0.00 
28 0.00 
29 0.00 
Pref:
1 151.80 1.0
2 58.27 1.0
3 0.00 0.0
4 43.67 1.0
5 0.00 0.0
6 15.08 1.0
lambda:
1 60.0 
2 30.0 
3 30.0 
4 30.0 
5 30.0 
6 30.0 
assets:
4 6.29 
5 6.29 
6 6.29 
* end dispatch *
DISPATCH 22
loads:
1 0.00 
2 0.00 
3 12.61 
4 12.61 
5 3.06 
6 3.06 
7 3.06 
8 7.80 
9 7.80 
10 3.06 
11 10.77 
12 17.65 
13 20.86 
14 6.28 
15 4.30 
16 6.23 
17 26.13 
18 26.13 
19 26.13 
20 26.13 
21 26.13 
22 17.00 
23 15.02 
24 0.00 
25 0.00 
26 0.00 
27 0.00 
28 0.00 
29 0.00 
Pref:
1 151.80 1.0
2 58.27 1.0
3 0.00 0.0
4 43.67 1.0
5 0.00 0.0
6 15.08 1.0
lambda:
1 60.0 
2 30.0 
3 30.0 
4 30.0 
5 30.0 
6 30.0 
assets:
4 4.80 
5 4.80 
6 4.80 
* end dispatch *
DISPATCH 23
loads:
1 0.00 
2 0.00 
3 12.63 
4 12.63 
5 3.07 
6 3.07 
7 3.07 
8 7.82 
9 7.82 
10 3.07 
11 10.79 
12 17.68 
13 20.89 
14 6.29 
15 4.31 
16 6.24 
17 26.17 
18 26.17 
19 26.17 
20 26.17 
21 26.17 
22 17.03 
23 15.04 
24 0.00 
25 0.00 
26 0.00 
27 0.00 
28 0.00 
29 0.00 
Pref:
1 151.80 1.0
2 58.27 1.0
3 0.00 0.0
4 43.67 1.0
5 0.00 0.0
6 15.08 1.0
lambda:
1 60.0 
2 30.0 
3 30.0 
4 30.0 
5 30.0 
6 30.0 
assets:
4 3.40 
5 3.40 
6 3.40 
* end dispatch *
DISPATCH 24
loads:
1 0.00 
2 0.00 
3 12.48 
4 12.48 
5 3.03 
6 3.03 
7 3.03 
8 7.73 
9 7.73 
10 3.03 
11 10.66 
12 17.47 
13 20.65 
14 6.22 
15 4.26 
16 6.17 
17 25.87 
18 25.87 
19 25.87 
20 25.87 
21 25.87 
22 16.83 
23 14.87 
24 0.00 
25 0.00 
26 0.00 
27 0.00 
28 0.00 
29 0.00 
Pref:
1 151.80 1.0
2 58.27 1.0
3 0.00 0.0
4 43.67 1.0
5 0.00 0.0
6 15.08 1.0
lambda:
1 60.0 
2 30.0 
3 30.0 
4 30.0 
5 30.0 
6 30.0 
assets:
4 2.80 
5 2.80 
6 2.80 
* end dispatch *
DISPATCH 25
loads:
1 0.00 
2 0.00 
3 12.47 
4 12.47 
5 3.03 
6 3.03 
7 3.03 
8 7.72 
9 7.72 
10 3.03 
11 10.65 
12 17.45 
13 20.63 
14 6.21 
15 4.26 
16 6.17 
17 25.84 
18 25.84 
19 25.84 
20 25.84 
21 25.84 
22 16.81 
23 14.85 
24 0.00 
25 0.00 
26 0.00 
27 0.00 
28 0.00 
29 0.00 
Pref:
1 148.89 1.0
2 58.21 1.0
3 0.00 0.0
4 43.62 1.0
5 0.00 0.0
6 14.89 1.0
lambda:
1 60.0 
2 30.0 
3 30.0 
4 30.0 
5 30.0 
6 30.0 
assets:
4 4.66 
5 4.66 
6 4.66 
* end dispatch *
DISPATCH 26
loads:
1 0.00 
2 0.00 
3 12.47 
4 12.47 
5 3.03 
6 3.03 
7 3.03 
8 7.72 
9 7.72 
10 3.03 
11 10.65 
12 17.46 
13 20.64 
14 6.21 
15 4.26 
16 6.17 
17 25.85 
18 25.85 
19 25.85 
20 25.85 
21 25.85 
22 16.82 
23 14.86 
24 0.00 
25 0.00 
26 0.00 
27 0.00 
28 0.00 
29 0.00 
Pref:
1 148.89 1.0
2 58.21 1.0
3 0.00 0.0
4 43.62 1.0
5 0.00 0.0
6 14.89 1.0
lambda:
1 60.0 
2 30.0 
3 30.0 
4 30.0 
5 30.0 
6 30.0 
assets:
4 3.90 
5 3.90 
6 3.90 
* end dispatch *
DISPATCH 27
loads:
1 0.00 
2 0.00 
3 12.43 
4 12.43 
5 3.02 
6 3.02 
7 3.02 
8 7.70 
9 7.70 
10 3.02 
11 10.62 
12 17.40 
13 20.57 
14 6.19 
15 4.24 
16 6.15 
17 25.76 
18 25.76 
19 25.76 
20 25.76 
21 25.76 
22 16.76 
23 14.81 
24 0.00 
25 0.00 
26 0.00 
27 0.00 
28 0.00 
29 0.00 
Pref:
1 148.89 1.0
2 58.21 1.0
3 0.00 0.0
4 43.62 1.0
5 0.00 0.0
6 14.89 1.0
lambda:
1 60.0 
2 30.0 
3 30.0 
4 30.0 
5 30.0 
6 30.0 
assets:
4 6.89 
5 6.89 
6 6.89 
* end dispatch *
DISPATCH 28
loads:
1 0.00 
2 0.00 
3 12.39 
4 12.39 
5 3.01 
6 3.01 
7 3.01 
8 7.67 
9 7.67 
10 3.01 
11 10.59 
12 17.35 
13 20.50 
14 6.17 
15 4.23 
16 6.13 
17 25.68 
18 25.68 
19 25.68 
20 25.68 
21 25.68 
22 16.71 
23 14.76 
24 0.00 
25 0.00 
26 0.00 
27 0.00 
28 0.00 
29 0.00 
Pref:
1 148.89 1.0
2 58.21 1.0
3 0.00 0.0
4 43.62 1.0
5 0.00 0.0
6 14.89 1.0
lambda:
1 60.0 
2 30.0 
3 30.0 
4 30.0 
5 30.0 
6 30.0 
assets:
4 3.83 
5 3.83 
6 3.83 
* end dispatch *
DISPATCH 29
loads:
1 0.00 
2 0.00 
3 12.38 
4 12.38 
5 3.01 
6 3.01 
7 3.01 
8 7.66 
9 7.66 
10 3.01 
11 10.57 
12 17.33 
13 20.48 
14 6.17 
15 4.23 
16 6.12 
17 25.65 
18 25.65 
19 25.65 
20 25.65 
21 25.65 
22 16.69 
23 14.75 
24 0.00 
25 0.00 
26 0.00 
27 0.00 
28 0.00 
29 0.00 
Pref:
1 148.89 1.0
2 58.21 1.0
3 0.00 0.0
4 43.62 1.0
5 0.00 0.0
6 14.89 1.0
lambda:
1 60.0 
2 30.0 
3 30.0 
4 30.0 
5 30.0 
6 30.0 
assets:
4 3.83 
5 3.83 
6 3.83 
* end dispatch *
DISPATCH 30
loads:
1 0.00 
2 0.00 
3 12.39 
4 12.39 
5 3.01 
6 3.01 
7 3.01 
8 7.67 
9 7.67 
10 3.01 
11 10.58 
12 17.34 
13 20.49 
14 6.17 
15 4.23 
16 6.13 
17 25.67 
18 25.67 
19 25.67 
20 25.67 
21 25.67 
22 16.70 
23 14.76 
24 0.00 
25 0.00 
26 0.00 
27 0.00 
28 0.00 
29 0.00 
Pref:
1 148.89 1.0
2 58.21 1.0
3 0.00 0.0
4 43.62 1.0
5 0.00 0.0
6 14.89 1.0
lambda:
1 60.0 
2 30.0 
3 30.0 
4 30.0 
5 30.0 
6 30.0 
assets:
4 4.03 
5 4.03 
6 4.03 
* end dispatch *
DISPATCH 31
loads:
1 0.00 
2 0.00 
3 12.39 
4 12.39 
5 3.01 
6 3.01 
7 3.01 
8 7.67 
9 7.67 
10 3.01 
11 10.59 
12 17.35 
13 20.50 
14 6.17 
15 4.23 
16 6.13 
17 25.68 
18 25.68 
19 25.68 
20 25.68 
21 25.68 
22 16.71 
23 14.76 
24 0.00 
25 0.00 
26 0.00 
27 0.00 
28 0.00 
29 0.00 
Pref:
1 148.73 1.0
2 58.19 1.0
3 0.00 0.0
4 43.60 1.0
5 0.00 0.0
6 14.74 1.0
lambda:
1 60.0 
2 30.0 
3 30.0 
4 30.0 
5 30.0 
6 30.0 
assets:
4 4.36 
5 4.36 
6 4.36 
* end dispatch *
DISPATCH 32
loads:
1 0.00 
2 0.00 
3 12.37 
4 12.37 
5 3.01 
6 3.01 
7 3.01 
8 7.66 
9 7.66 
10 3.01 
11 10.57 
12 17.32 
13 20.47 
14 6.16 
15 4.22 
16 6.12 
17 25.64 
18 25.64 
19 25.64 
20 25.64 
21 25.64 
22 16.69 
23 14.74 
24 0.00 
25 0.00 
26 0.00 
27 0.00 
28 0.00 
29 0.00 
Pref:
1 148.73 1.0
2 58.19 1.0
3 0.00 0.0
4 43.60 1.0
5 0.00 0.0
6 14.74 1.0
lambda:
1 60.0 
2 30.0 
3 30.0 
4 30.0 
5 30.0 
6 30.0 
assets:
4 4.43 
5 4.43 
6 4.43 
* end dispatch *
DISPATCH 33
loads:
1 0.00 
2 0.00 
3 12.45 
4 12.45 
5 3.03 
6 3.03 
7 3.03 
8 7.71 
9 7.71 
10 3.03 
11 10.64 
12 17.43 
13 20.61 
14 6.20 
15 4.25 
16 6.16 
17 25.81 
18 25.81 
19 25.81 
20 25.81 
21 25.81 
22 16.79 
23 14.84 
24 0.00 
25 0.00 
26 0.00 
27 0.00 
28 0.00 
29 0.00 
Pref:
1 148.73 1.0
2 58.19 1.0
3 0.00 0.0
4 43.60 1.0
5 0.00 0.0
6 14.74 1.0
lambda:
1 60.0 
2 30.0 
3 30.0 
4 30.0 
5 30.0 
6 30.0 
assets:
4 4.96 
5 4.96 
6 4.96 
* end dispatch *
DISPATCH 34
loads:
1 0.00 
2 0.00 
3 12.40 
4 12.40 
5 3.01 
6 3.01 
7 3.01 
8 7.67 
9 7.67 
10 3.01 
11 10.59 
12 17.35 
13 20.51 
14 6.17 
15 4.23 
16 6.13 
17 25.69 
18 25.69 
19 25.69 
20 25.69 
21 25.69 
22 16.72 
23 14.77 
24 0.00 
25 0.00 
26 0.00 
27 0.00 
28 0.00 
29 0.00 
Pref:
1 148.73 1.0
2 58.19 1.0
3 0.00 0.0
4 43.60 1.0
5 0.00 0.0
6 14.74 1.0
lambda:
1 60.0 
2 30.0 
3 30.0 
4 30.0 
5 30.0 
6 30.0 
assets:
4 4.20 
5 4.20 
6 4.20 
* end dispatch *
DISPATCH 35
loads:
1 0.00 
2 0.00 
3 12.49 
4 12.49 
5 3.03 
6 3.03 
7 3.03 
8 7.73 
9 7.73 
10 3.03 
11 10.67 
12 17.48 
13 20.66 
14 6.22 
15 4.26 
16 6.18 
17 25.88 
18 25.88 
19 25.88 
20 25.88 
21 25.88 
22 16.84 
23 14.88 
24 0.00 
25 0.00 
26 0.00 
27 0.00 
28 0.00 
29 0.00 
Pref:
1 148.73 1.0
2 58.19 1.0
3 0.00 0.0
4 43.60 1.0
5 0.00 0.0
6 14.74 1.0
lambda:
1 60.0 
2 30.0 
3 30.0 
4 30.0 
5 30.0 
6 30.0 
assets:
4 3.00 
5 3.00 
6 3.00 
* end dispatch *
DISPATCH 36
loads:
1 0.00 
2 0.00 
3 12.55 
4 12.55 
5 3.05 
6 3.05 
7 3.05 
8 7.77 
9 7.77 
10 3.05 
11 10.72 
12 17.57 
13 20.77 
14 6.25 
15 4.29 
16 6.21 
17 26.01 
18 26.01 
19 26.01 
20 26.01 
21 26.01 
22 16.93 
23 14.95 
24 0.00 
25 0.00 
26 0.00 
27 0.00 
28 0.00 
29 0.00 
Pref:
1 148.73 1.0
2 58.19 1.0
3 0.00 0.0
4 43.60 1.0
5 0.00 0.0
6 14.74 1.0
lambda:
1 60.0 
2 30.0 
3 30.0 
4 30.0 
5 30.0 
6 30.0 
assets:
4 4.03 
5 4.03 
6 4.03 
* end dispatch *
DISPATCH 37
loads:
1 0.00 
2 0.00 
3 12.67 
4 12.67 
5 3.08 
6 3.08 
7 3.08 
8 7.84 
9 7.84 
10 3.08 
11 10.82 
12 17.73 
13 20.96 
14 6.31 
15 4.33 
16 6.26 
17 26.26 
18 26.26 
19 26.26 
20 26.26 
21 26.26 
22 17.08 
23 15.09 
24 0.00 
25 0.00 
26 0.00 
27 0.00 
28 0.00 
29 0.00 
Pref:
1 150.36 1.0
2 65.97 1.0
3 0.00 0.0
4 49.43 1.0
5 0.00 0.0
6 15.03 1.0
lambda:
1 60.0 
2 30.0 
3 30.0 
4 30.0 
5 30.0 
6 30.0 
assets:
4 5.53 
5 5.53 
6 5.53 
* end dispatch *
DISPATCH 38
loads:
1 0.00 
2 0.00 
3 12.78 
4 12.78 
5 3.10 
6 3.10 
7 3.10 
8 7.91 
9 7.91 
10 3.10 
11 10.92 
12 17.89 
13 21.15 
14 6.37 
15 4.36 
16 6.32 
17 26.49 
18 26.49 
19 26.49 
20 26.49 
21 26.49 
22 17.23 
23 15.23 
24 0.00 
25 0.00 
26 0.00 
27 0.00 
28 0.00 
29 0.00 
Pref:
1 150.36 1.0
2 65.97 1.0
3 0.00 0.0
4 49.43 1.0
5 0.00 0.0
6 15.03 1.0
lambda:
1 60.0 
2 30.0 
3 30.0 
4 30.0 
5 30.0 
6 30.0 
assets:
4 5.89 
5 5.89 
6 5.89 
* end dispatch *
DISPATCH 39
loads:
1 0.00 
2 0.00 
3 12.93 
4 12.93 
5 3.14 
6 3.14 
7 3.14 
8 8.00 
9 8.00 
10 3.14 
11 11.04 
12 18.10 
13 21.39 
14 6.44 
15 4.41 
16 6.39 
17 26.79 
18 26.79 
19 26.79 
20 26.79 
21 26.79 
22 17.43 
23 15.40 
24 0.00 
25 0.00 
26 0.00 
27 0.00 
28 0.00 
29 0.00 
Pref:
1 150.36 1.0
2 65.97 1.0
3 0.00 0.0
4 49.43 1.0
5 0.00 0.0
6 15.03 1.0
lambda:
1 60.0 
2 30.0 
3 30.0 
4 30.0 
5 30.0 
6 30.0 
assets:
4 3.93 
5 3.93 
6 3.93 
* end dispatch *
DISPATCH 40
loads:
1 0.00 
2 0.00 
3 12.96 
4 12.96 
5 3.15 
6 3.15 
7 3.15 
8 8.02 
9 8.02 
10 3.15 
11 11.07 
12 18.15 
13 21.45 
14 6.46 
15 4.43 
16 6.41 
17 26.87 
18 26.87 
19 26.87 
20 26.87 
21 26.87 
22 17.48 
23 15.44 
24 0.00 
25 0.00 
26 0.00 
27 0.00 
28 0.00 
29 0.00 
Pref:
1 150.36 1.0
2 65.97 1.0
3 0.00 0.0
4 49.43 1.0
5 0.00 0.0
6 15.03 1.0
lambda:
1 60.0 
2 30.0 
3 30.0 
4 30.0 
5 30.0 
6 30.0 
assets:
4 3.03 
5 3.03 
6 3.03 
* end dispatch *
DISPATCH 41
loads:
1 0.00 
2 0.00 
3 13.14 
4 13.14 
5 3.19 
6 3.19 
7 3.19 
8 8.14 
9 8.14 
10 3.19 
11 11.23 
12 18.40 
13 21.75 
14 6.55 
15 4.49 
16 6.50 
17 27.24 
18 27.24 
19 27.24 
20 27.24 
21 27.24 
22 17.72 
23 15.66 
24 0.00 
25 0.00 
26 0.00 
27 0.00 
28 0.00 
29 0.00 
Pref:
1 150.36 1.0
2 65.97 1.0
3 0.00 0.0
4 49.43 1.0
5 0.00 0.0
6 15.03 1.0
lambda:
1 60.0 
2 30.0 
3 30.0 
4 30.0 
5 30.0 
6 30.0 
assets:
4 3.46 
5 3.46 
6 3.46 
* end dispatch *
DISPATCH 42
loads:
1 0.00 
2 0.00 
3 13.38 
4 13.38 
5 3.25 
6 3.25 
7 3.25 
8 8.28 
9 8.28 
10 3.25 
11 11.43 
12 18.74 
13 22.15 
14 6.67 
15 4.57 
16 6.62 
17 27.74 
18 27.74 
19 27.74 
20 27.74 
21 27.74 
22 18.05 
23 15.94 
24 0.00 
25 0.00 
26 0.00 
27 0.00 
28 0.00 
29 0.00 
Pref:
1 150.36 1.0
2 65.97 1.0
3 0.00 0.0
4 49.43 1.0
5 0.00 0.0
6 15.03 1.0
lambda:
1 60.0 
2 30.0 
3 30.0 
4 30.0 
5 30.0 
6 30.0 
assets:
4 4.00 
5 4.00 
6 4.00 
* end dispatch *
DISPATCH 43
loads:
1 0.00 
2 0.00 
3 13.66 
4 13.66 
5 3.32 
6 3.32 
7 3.32 
8 8.46 
9 8.46 
10 3.32 
11 11.67 
12 19.12 
13 22.60 
14 6.81 
15 4.66 
16 6.76 
17 28.31 
18 28.31 
19 28.31 
20 28.31 
21 28.31 
22 18.42 
23 16.28 
24 0.00 
25 0.00 
26 0.00 
27 0.00 
28 0.00 
29 0.00 
Pref:
1 139.43 1.0
2 94.63 1.0
3 0.00 0.0
4 70.91 1.0
5 0.00 0.0
6 15.56 1.0
lambda:
1 60.0 
2 30.0 
3 30.0 
4 30.0 
5 30.0 
6 30.0 
assets:
4 3.90 
5 3.90 
6 3.90 
* end dispatch *
DISPATCH 44
loads:
1 0.00 
2 0.00 
3 14.30 
4 14.30 
5 3.47 
6 3.47 
7 3.47 
8 8.85 
9 8.85 
10 3.47 
11 12.22 
12 20.02 
13 23.66 
14 7.12 
15 4.88 
16 7.07 
17 29.64 
18 29.64 
19 29.64 
20 29.64 
21 29.64 
22 19.29 
23 17.04 
24 0.00 
25 0.00 
26 0.00 
27 0.00 
28 0.00 
29 0.00 
Pref:
1 139.43 1.0
2 94.63 1.0
3 0.00 0.0
4 70.91 1.0
5 0.00 0.0
6 15.56 1.0
lambda:
1 60.0 
2 30.0 
3 30.0 
4 30.0 
5 30.0 
6 30.0 
assets:
4 3.86 
5 3.86 
6 3.86 
* end dispatch *
DISPATCH 45
loads:
1 0.00 
2 0.00 
3 14.71 
4 14.71 
5 3.57 
6 3.57 
7 3.57 
8 9.11 
9 9.11 
10 3.57 
11 12.57 
12 20.60 
13 24.34 
14 7.33 
15 5.02 
16 7.28 
17 30.49 
18 30.49 
19 30.49 
20 30.49 
21 30.49 
22 19.84 
23 17.53 
24 0.00 
25 0.00 
26 0.00 
27 0.00 
28 0.00 
29 0.00 
Pref:
1 139.43 1.0
2 94.63 1.0
3 0.00 0.0
4 70.91 1.0
5 0.00 0.0
6 15.56 1.0
lambda:
1 60.0 
2 30.0 
3 30.0 
4 30.0 
5 30.0 
6 30.0 
assets:
4 2.93 
5 2.93 
6 2.93 
* end dispatch *
DISPATCH 46
loads:
1 0.00 
2 0.00 
3 15.14 
4 15.14 
5 3.68 
6 3.68 
7 3.68 
8 9.37 
9 9.37 
10 3.68 
11 12.93 
12 21.19 
13 25.05 
14 7.54 
15 5.17 
16 7.49 
17 31.37 
18 31.37 
19 31.37 
20 31.37 
21 31.37 
22 20.41 
23 18.03 
24 0.00 
25 0.00 
26 0.00 
27 0.00 
28 0.00 
29 0.00 
Pref:
1 139.43 1.0
2 94.63 1.0
3 0.00 0.0
4 70.91 1.0
5 0.00 0.0
6 15.56 1.0
lambda:
1 60.0 
2 30.0 
3 30.0 
4 30.0 
5 30.0 
6 30.0 
assets:
4 6.49 
5 6.49 
6 6.49 
* end dispatch *
DISPATCH 47
loads:
1 0.00 
2 0.00 
3 15.59 
4 15.59 
5 3.79 
6 3.79 
7 3.79 
8 9.65 
9 9.65 
10 3.79 
11 13.31 
12 21.82 
13 25.79 
14 7.76 
15 5.32 
16 7.71 
17 32.30 
18 32.30 
19 32.30 
20 32.30 
21 32.30 
22 21.02 
23 18.57 
24 0.00 
25 0.00 
26 0.00 
27 0.00 
28 0.00 
29 0.00 
Pref:
1 139.43 1.0
2 94.63 1.0
3 0.00 0.0
4 70.91 1.0
5 0.00 0.0
6 15.56 1.0
lambda:
1 60.0 
2 30.0 
3 30.0 
4 30.0 
5 30.0 
6 30.0 
assets:
4 8.09 
5 8.09 
6 8.09 
* end dispatch *
DISPATCH 48
loads:
1 0.00 
2 0.00 
3 16.13 
4 16.13 
5 3.92 
6 3.92 
7 3.92 
8 9.99 
9 9.99 
10 3.92 
11 13.78 
12 22.58 
13 26.69 
14 8.04 
15 5.51 
16 7.98 
17 33.43 
18 33.43 
19 33.43 
20 33.43 
21 33.43 
22 21.75 
23 19.22 
24 0.00 
25 0.00 
26 0.00 
27 0.00 
28 0.00 
29 0.00 
Pref:
1 139.43 1.0
2 94.63 1.0
3 0.00 0.0
4 70.91 1.0
5 0.00 0.0
6 15.56 1.0
lambda:
1 60.0 
2 30.0 
3 30.0 
4 30.0 
5 30.0 
6 30.0 
assets:
4 12.15 
5 12.15 
6 12.15 
* end dispatch *
DISPATCH 49
loads:
1 0.00 
2 0.00 
3 16.73 
4 16.73 
5 4.07 
6 4.07 
7 4.07 
8 10.36 
9 10.36 
10 4.07 
11 14.30 
12 23.43 
13 27.69 
14 8.34 
15 5.71 
16 8.28 
17 34.68 
18 34.68 
19 34.68 
20 34.68 
21 34.68 
22 22.57 
23 19.94 
24 0.00 
25 0.00 
26 0.00 
27 0.00 
28 0.00 
29 0.00 
Pref:
1 187.59 1.0
2 108.82 1.0
3 0.00 0.0
4 81.54 1.0
5 0.00 0.0
6 16.73 1.0
lambda:
1 60.0 
2 30.0 
3 30.0 
4 30.0 
5 30.0 
6 30.0 
assets:
4 8.96 
5 8.96 
6 8.96 
* end dispatch *
DISPATCH 50
loads:
1 0.00 
2 0.00 
3 17.34 
4 17.34 
5 4.21 
6 4.21 
7 4.21 
8 10.74 
9 10.74 
10 4.21 
11 14.82 
12 24.28 
13 28.70 
14 8.64 
15 5.92 
16 8.58 
17 35.94 
18 35.94 
19 35.94 
20 35.94 
21 35.94 
22 23.39 
23 20.66 
24 0.00 
25 0.00 
26 0.00 
27 0.00 
28 0.00 
29 0.00 
Pref:
1 187.59 1.0
2 108.82 1.0
3 0.00 0.0
4 81.54 1.0
5 0.00 0.0
6 16.73 1.0
lambda:
1 60.0 
2 30.0 
3 30.0 
4 30.0 
5 30.0 
6 30.0 
assets:
4 4.16 
5 4.16 
6 4.16 
* end dispatch *
DISPATCH 51
loads:
1 0.00 
2 0.00 
3 17.95 
4 17.95 
5 4.36 
6 4.36 
7 4.36 
8 11.11 
9 11.11 
10 4.36 
11 15.33 
12 25.12 
13 29.69 
14 8.94 
15 6.13 
16 8.88 
17 37.19 
18 37.19 
19 37.19 
20 37.19 
21 37.19 
22 24.20 
23 21.38 
24 0.00 
25 0.00 
26 0.00 
27 0.00 
28 0.00 
29 0.00 
Pref:
1 187.59 1.0
2 108.82 1.0
3 0.00 0.0
4 81.54 1.0
5 0.00 0.0
6 16.73 1.0
lambda:
1 60.0 
2 30.0 
3 30.0 
4 30.0 
5 30.0 
6 30.0 
assets:
4 2.96 
5 2.96 
6 2.96 
* end dispatch *
DISPATCH 52
loads:
1 0.00 
2 0.00 
3 18.20 
4 18.20 
5 4.42 
6 4.42 
7 4.42 
8 11.26 
9 11.26 
10 4.42 
11 15.55 
12 25.47 
13 30.11 
14 9.06 
15 6.21 
16 9.00 
17 37.71 
18 37.71 
19 37.71 
20 37.71 
21 37.71 
22 24.54 
23 21.68 
24 0.00 
25 0.00 
26 0.00 
27 0.00 
28 0.00 
29 0.00 
Pref:
1 187.59 1.0
2 108.82 1.0
3 0.00 0.0
4 81.54 1.0
5 0.00 0.0
6 16.73 1.0
lambda:
1 60.0 
2 30.0 
3 30.0 
4 30.0 
5 30.0 
6 30.0 
assets:
4 2.80 
5 2.80 
6 2.80 
* end dispatch *
DISPATCH 53
loads:
1 0.00 
2 0.00 
3 18.16 
4 18.16 
5 4.41 
6 4.41 
7 4.41 
8 11.24 
9 11.24 
10 4.41 
11 15.51 
12 25.42 
13 30.04 
14 9.04 
15 6.20 
16 8.98 
17 37.63 
18 37.63 
19 37.63 
20 37.63 
21 37.63 
22 24.48 
23 21.63 
24 0.00 
25 0.00 
26 0.00 
27 0.00 
28 0.00 
29 0.00 
Pref:
1 187.59 1.0
2 108.82 1.0
3 0.00 0.0
4 81.54 1.0
5 0.00 0.0
6 16.73 1.0
lambda:
1 60.0 
2 30.0 
3 30.0 
4 30.0 
5 30.0 
6 30.0 
assets:
4 2.36 
5 2.36 
6 2.36 
* end dispatch *
DISPATCH 54
loads:
1 0.00 
2 0.00 
3 18.34 
4 18.34 
5 4.45 
6 4.45 
7 4.45 
8 11.35 
9 11.35 
10 4.45 
11 15.66 
12 25.67 
13 30.34 
14 9.13 
15 6.26 
16 9.07 
17 38.00 
18 38.00 
19 38.00 
20 38.00 
21 38.00 
22 24.73 
23 21.84 
24 0.00 
25 0.00 
26 0.00 
27 0.00 
28 0.00 
29 0.00 
Pref:
1 185.63 1.0
2 107.68 1.0
3 1.82 1.0
4 80.69 1.0
5 2.31 1.0
6 16.55 1.0
lambda:
1 60.0 
2 30.0 
3 10.0 
4 30.0 
5 10.0 
6 30.0 
assets:
4 2.36 
5 2.36 
6 2.36 
* end dispatch *
DISPATCH 55
loads:
1 0.00 
2 0.00 
3 18.46 
4 18.46 
5 4.48 
6 4.48 
7 4.48 
8 11.43 
9 11.43 
10 4.48 
11 15.77 
12 25.84 
13 30.55 
14 9.20 
15 6.30 
16 9.13 
17 38.26 
18 38.26 
19 38.26 
20 38.26 
21 38.26 
22 24.90 
23 21.99 
24 0.00 
25 0.00 
26 0.00 
27 0.00 
28 0.00 
29 0.00 
Pref:
1 176.60 1.0
2 126.78 1.0
3 5.19 1.0
4 95.00 1.0
5 6.61 1.0
6 16.38 1.0
lambda:
1 60.0 
2 30.0 
3 10.0 
4 30.0 
5 10.0 
6 30.0 
assets:
4 3.76 
5 3.76 
6 3.76 
* end dispatch *
DISPATCH 56
loads:
1 0.00 
2 0.00 
3 18.75 
4 18.75 
5 4.55 
6 4.55 
7 4.55 
8 11.60 
9 11.60 
10 4.55 
11 16.02 
12 26.24 
13 31.02 
14 9.34 
15 6.40 
16 9.27 
17 38.85 
18 38.85 
19 38.85 
20 38.85 
21 38.85 
22 25.28 
23 22.33 
24 0.00 
25 0.00 
26 0.00 
27 0.00 
28 0.00 
29 0.00 
Pref:
1 176.60 1.0
2 126.78 1.0
3 5.19 1.0
4 95.00 1.0
5 6.61 1.0
6 16.38 1.0
lambda:
1 60.0 
2 30.0 
3 10.0 
4 30.0 
5 10.0 
6 30.0 
assets:
1 0.20 
2 0.20 
3 0.20 
4 3.46 
5 3.46 
6 3.46 
* end dispatch *
DISPATCH 57
loads:
1 0.00 
2 0.00 
3 19.04 
4 19.04 
5 4.63 
6 4.63 
7 4.63 
8 11.79 
9 11.79 
10 4.63 
11 16.27 
12 26.66 
13 31.51 
14 9.49 
15 6.50 
16 9.42 
17 39.47 
18 39.47 
19 39.47 
20 39.47 
21 39.47 
22 25.68 
23 22.69 
24 0.00 
25 0.00 
26 0.00 
27 0.00 
28 0.00 
29 0.00 
Pref:
1 176.60 1.0
2 126.78 1.0
3 5.19 1.0
4 95.00 1.0
5 6.61 1.0
6 16.38 1.0
lambda:
1 60.0 
2 30.0 
3 10.0 
4 30.0 
5 10.0 
6 30.0 
assets:
1 0.10 
2 0.10 
3 0.10 
4 3.16 
5 3.16 
6 3.16 
* end dispatch *
DISPATCH 58
loads:
1 0.00 
2 0.00 
3 19.13 
4 19.13 
5 4.65 
6 4.65 
7 4.65 
8 11.84 
9 11.84 
10 4.65 
11 16.34 
12 26.78 
13 31.65 
14 9.53 
15 6.53 
16 9.46 
17 39.64 
18 39.64 
19 39.64 
20 39.64 
21 39.64 
22 25.79 
23 22.79 
24 0.00 
25 0.00 
26 0.00 
27 0.00 
28 0.00 
29 0.00 
Pref:
1 176.60 1.0
2 126.78 1.0
3 5.19 1.0
4 95.00 1.0
5 6.61 1.0
6 16.38 1.0
lambda:
1 60.0 
2 30.0 
3 10.0 
4 30.0 
5 10.0 
6 30.0 
assets:
4 2.73 
5 2.73 
6 2.73 
* end dispatch *
DISPATCH 59
loads:
1 0.00 
2 0.00 
3 19.37 
4 19.37 
5 4.71 
6 4.71 
7 4.71 
8 11.99 
9 11.99 
10 4.71 
11 16.55 
12 27.11 
13 32.05 
14 9.65 
15 6.61 
16 9.58 
17 40.14 
18 40.14 
19 40.14 
20 40.14 
21 40.14 
22 26.12 
23 23.08 
24 0.00 
25 0.00 
26 0.00 
27 0.00 
28 0.00 
29 0.00 
Pref:
1 176.60 1.0
2 126.78 1.0
3 5.19 1.0
4 95.00 1.0
5 6.61 1.0
6 16.38 1.0
lambda:
1 60.0 
2 30.0 
3 10.0 
4 30.0 
5 10.0 
6 30.0 
assets:
1 0.40 
2 0.40 
3 0.40 
4 3.53 
5 3.53 
6 3.53 
* end dispatch *
DISPATCH 60
loads:
1 0.00 
2 0.00 
3 19.64 
4 19.64 
5 4.77 
6 4.77 
7 4.77 
8 12.16 
9 12.16 
10 4.77 
11 16.78 
12 27.50 
13 32.50 
14 9.78 
15 6.71 
16 9.71 
17 40.71 
18 40.71 
19 40.71 
20 40.71 
21 40.71 
22 26.49 
23 23.40 
24 0.00 
25 0.00 
26 0.00 
27 0.00 
28 0.00 
29 0.00 
Pref:
1 176.60 1.0
2 126.78 1.0
3 5.19 1.0
4 95.00 1.0
5 6.61 1.0
6 16.38 1.0
lambda:
1 60.0 
2 30.0 
3 30.0 
4 30.0 
5 30.0 
6 30.0 
assets:
1 1.10 
2 1.10 
3 1.10 
4 1.76 
5 1.76 
6 1.76 
* end dispatch *
DISPATCH 61
loads:
1 0.00 
2 0.00 
3 19.92 
4 19.92 
5 4.84 
6 4.84 
7 4.84 
8 12.33 
9 12.33 
10 4.84 
11 17.02 
12 27.88 
13 32.96 
14 9.92 
15 6.80 
16 9.85 
17 41.28 
18 41.28 
19 41.28 
20 41.28 
21 41.28 
22 26.86 
23 23.73 
24 0.00 
25 0.00 
26 0.00 
27 0.00 
28 0.00 
29 0.00 
Pref:
1 176.37 1.0
2 124.51 1.0
3 12.00 1.0
4 93.30 1.0
5 15.27 1.0
6 16.38 1.0
lambda:
1 60.0 
2 30.0 
3 30.0 
4 30.0 
5 30.0 
6 30.0 
assets:
1 1.70 
2 1.70 
3 1.70 
4 1.80 
5 1.80 
6 1.80 
* end dispatch *
DISPATCH 62
loads:
1 0.00 
2 0.00 
3 20.14 
4 20.14 
5 4.89 
6 4.89 
7 4.89 
8 12.47 
9 12.47 
10 4.89 
11 17.20 
12 28.19 
13 33.32 
14 10.03 
15 6.88 
16 9.96 
17 41.74 
18 41.74 
19 41.74 
20 41.74 
21 41.74 
22 27.16 
23 23.99 
24 0.00 
25 0.00 
26 0.00 
27 0.00 
28 0.00 
29 0.00 
Pref:
1 176.37 1.0
2 124.51 1.0
3 12.00 1.0
4 93.30 1.0
5 15.27 1.0
6 16.38 1.0
lambda:
1 60.0 
2 30.0 
3 30.0 
4 30.0 
5 30.0 
6 30.0 
assets:
1 2.26 
2 2.26 
3 2.26 
4 1.43 
5 1.43 
6 1.43 
* end dispatch *
DISPATCH 63
loads:
1 0.00 
2 0.00 
3 20.30 
4 20.30 
5 4.93 
6 4.93 
7 4.93 
8 12.57 
9 12.57 
10 4.93 
11 17.34 
12 28.42 
13 33.59 
14 10.11 
15 6.93 
16 10.04 
17 42.07 
18 42.07 
19 42.07 
20 42.07 
21 42.07 
22 27.37 
23 24.18 
24 0.00 
25 0.00 
26 0.00 
27 0.00 
28 0.00 
29 0.00 
Pref:
1 176.37 1.0
2 124.51 1.0
3 12.00 1.0
4 93.30 1.0
5 15.27 1.0
6 16.38 1.0
lambda:
1 60.0 
2 30.0 
3 30.0 
4 30.0 
5 30.0 
6 30.0 
assets:
1 2.20 
2 2.20 
3 2.20 
4 2.33 
5 2.33 
6 2.33 
* end dispatch *
DISPATCH 64
loads:
1 0.00 
2 0.00 
3 20.52 
4 20.52 
5 4.99 
6 4.99 
7 4.99 
8 12.70 
9 12.70 
10 4.99 
11 17.53 
12 28.73 
13 33.96 
14 10.22 
15 7.01 
16 10.15 
17 42.53 
18 42.53 
19 42.53 
20 42.53 
21 42.53 
22 27.68 
23 24.45 
24 0.00 
25 0.00 
26 0.00 
27 0.00 
28 0.00 
29 0.00 
Pref:
1 176.37 1.0
2 124.51 1.0
3 12.00 1.0
4 93.30 1.0
5 15.27 1.0
6 16.38 1.0
lambda:
1 60.0 
2 30.0 
3 30.0 
4 30.0 
5 30.0 
6 30.0 
assets:
1 2.80 
2 2.80 
3 2.80 
4 4.00 
5 4.00 
6 4.00 
* end dispatch *
DISPATCH 65
loads:
1 0.00 
2 0.00 
3 20.54 
4 20.54 
5 4.99 
6 4.99 
7 4.99 
8 12.72 
9 12.72 
10 4.99 
11 17.55 
12 28.75 
13 33.99 
14 10.23 
15 7.01 
16 10.16 
17 42.57 
18 42.57 
19 42.57 
20 42.57 
21 42.57 
22 27.70 
23 24.47 
24 0.00 
25 0.00 
26 0.00 
27 0.00 
28 0.00 
29 0.00 
Pref:
1 176.37 1.0
2 124.51 1.0
3 12.00 1.0
4 93.30 1.0
5 15.27 1.0
6 16.38 1.0
lambda:
1 60.0 
2 30.0 
3 30.0 
4 30.0 
5 30.0 
6 30.0 
assets:
1 1.70 
2 1.70 
3 1.70 
4 3.83 
5 3.83 
6 3.83 
* end dispatch *
DISPATCH 66
loads:
1 0.00 
2 0.00 
3 20.55 
4 20.55 
5 4.99 
6 4.99 
7 4.99 
8 12.72 
9 12.72 
10 4.99 
11 17.55 
12 28.76 
13 33.99 
14 10.23 
15 7.02 
16 10.16 
17 42.58 
18 42.58 
19 42.58 
20 42.58 
21 42.58 
22 27.71 
23 24.48 
24 0.00 
25 0.00 
26 0.00 
27 0.00 
28 0.00 
29 0.00 
Pref:
1 176.37 1.0
2 124.51 1.0
3 12.00 1.0
4 93.30 1.0
5 15.27 1.0
6 16.38 1.0
lambda:
1 60.0 
2 30.0 
3 30.0 
4 30.0 
5 30.0 
6 30.0 
assets:
1 1.30 
2 1.30 
3 1.30 
4 2.83 
5 2.83 
6 2.83 
* end dispatch *
DISPATCH 67
loads:
1 0.00 
2 0.00 
3 20.99 
4 20.99 
5 5.10 
6 5.10 
7 5.10 
8 12.99 
9 12.99 
10 5.10 
11 17.93 
12 29.39 
13 34.73 
14 10.46 
15 7.17 
16 10.38 
17 43.51 
18 43.51 
19 43.51 
20 43.51 
21 43.51 
22 28.31 
23 25.01 
24 0.00 
25 0.00 
26 0.00 
27 0.00 
28 0.00 
29 0.00 
Pref:
1 175.92 1.0
2 130.26 1.0
3 11.27 1.0
4 97.60 1.0
5 14.35 1.0
6 15.87 1.0
lambda:
1 60.0 
2 30.0 
3 30.0 
4 30.0 
5 30.0 
6 30.0 
assets:
1 3.73 
2 3.73 
3 3.73 
4 3.66 
5 3.66 
6 3.66 
* end dispatch *
DISPATCH 68
loads:
1 0.00 
2 0.00 
3 21.00 
4 21.00 
5 5.10 
6 5.10 
7 5.10 
8 13.00 
9 13.00 
10 5.10 
11 17.94 
12 29.40 
13 34.75 
14 10.46 
15 7.17 
16 10.39 
17 43.53 
18 43.53 
19 43.53 
20 43.53 
21 43.53 
22 28.32 
23 25.02 
24 0.00 
25 0.00 
26 0.00 
27 0.00 
28 0.00 
29 0.00 
Pref:
1 175.92 1.0
2 130.26 1.0
3 11.27 1.0
4 97.60 1.0
5 14.35 1.0
6 15.87 1.0
lambda:
1 60.0 
2 30.0 
3 30.0 
4 30.0 
5 30.0 
6 30.0 
assets:
1 4.03 
2 4.03 
3 4.03 
4 2.50 
5 2.50 
6 2.50 
* end dispatch *
DISPATCH 69
loads:
1 0.00 
2 0.00 
3 21.02 
4 21.02 
5 5.11 
6 5.11 
7 5.11 
8 13.01 
9 13.01 
10 5.11 
11 17.96 
12 29.43 
13 34.79 
14 10.47 
15 7.18 
16 10.40 
17 43.57 
18 43.57 
19 43.57 
20 43.57 
21 43.57 
22 28.35 
23 25.05 
24 0.00 
25 0.00 
26 0.00 
27 0.00 
28 0.00 
29 0.00 
Pref:
1 175.92 1.0
2 130.26 1.0
3 11.27 1.0
4 97.60 1.0
5 14.35 1.0
6 15.87 1.0
lambda:
1 60.0 
2 30.0 
3 30.0 
4 30.0 
5 30.0 
6 30.0 
assets:
1 3.96 
2 3.96 
3 3.96 
4 2.73 
5 2.73 
6 2.73 
* end dispatch *
DISPATCH 70
loads:
1 0.00 
2 0.00 
3 21.02 
4 21.02 
5 5.11 
6 5.11 
7 5.11 
8 13.01 
9 13.01 
10 5.11 
11 17.96 
12 29.42 
13 34.78 
14 10.47 
15 7.18 
16 10.39 
17 43.56 
18 43.56 
19 43.56 
20 43.56 
21 43.56 
22 28.35 
23 25.04 
24 0.00 
25 0.00 
26 0.00 
27 0.00 
28 0.00 
29 0.00 
Pref:
1 175.92 1.0
2 130.26 1.0
3 11.27 1.0
4 97.60 1.0
5 14.35 1.0
6 15.87 1.0
lambda:
1 60.0 
2 30.0 
3 30.0 
4 30.0 
5 30.0 
6 30.0 
assets:
1 3.76 
2 3.76 
3 3.76 
4 4.70 
5 4.70 
6 4.70 
* end dispatch *
DISPATCH 71
loads:
1 0.00 
2 0.00 
3 20.63 
4 20.63 
5 5.01 
6 5.01 
7 5.01 
8 12.77 
9 12.77 
10 5.01 
11 17.62 
12 28.88 
13 34.14 
14 10.28 
15 7.04 
16 10.20 
17 42.76 
18 42.76 
19 42.76 
20 42.76 
21 42.76 
22 27.82 
23 24.58 
24 0.00 
25 0.00 
26 0.00 
27 0.00 
28 0.00 
29 0.00 
Pref:
1 175.92 1.0
2 130.26 1.0
3 11.27 1.0
4 97.60 1.0
5 14.35 1.0
6 15.87 1.0
lambda:
1 60.0 
2 30.0 
3 30.0 
4 30.0 
5 30.0 
6 30.0 
assets:
1 1.83 
2 1.83 
3 1.83 
4 2.70 
5 2.70 
6 2.70 
* end dispatch *
DISPATCH 72
loads:
1 0.00 
2 0.00 
3 20.98 
4 20.98 
5 5.10 
6 5.10 
7 5.10 
8 12.98 
9 12.98 
10 5.10 
11 17.92 
12 29.36 
13 34.71 
14 10.45 
15 7.16 
16 10.37 
17 43.47 
18 43.47 
19 43.47 
20 43.47 
21 43.47 
22 28.29 
23 24.99 
24 0.00 
25 0.00 
26 0.00 
27 0.00 
28 0.00 
29 0.00 
Pref:
1 175.92 1.0
2 130.26 1.0
3 11.27 1.0
4 97.60 1.0
5 14.35 1.0
6 15.87 1.0
lambda:
1 60.0 
2 30.0 
3 30.0 
4 30.0 
5 30.0 
6 30.0 
assets:
1 4.86 
2 4.86 
3 4.86 
4 3.30 
5 3.30 
6 3.30 
* end dispatch *
DISPATCH 73
loads:
1 0.00 
2 0.00 
3 20.93 
4 20.93 
5 5.08 
6 5.08 
7 5.08 
8 12.95 
9 12.95 
10 5.08 
11 17.88 
12 29.29 
13 34.62 
14 10.42 
15 7.15 
16 10.35 
17 43.37 
18 43.37 
19 43.37 
20 43.37 
21 43.37 
22 28.22 
23 24.93 
24 0.00 
25 0.00 
26 0.00 
27 0.00 
28 0.00 
29 0.00 
Pref:
1 185.72 1.0
2 130.13 1.0
3 10.07 1.0
4 97.51 1.0
5 12.81 1.0
6 16.02 1.0
lambda:
1 60.0 
2 30.0 
3 30.0 
4 30.0 
5 30.0 
6 30.0 
assets:
1 4.86 
2 4.86 
3 4.86 
4 1.90 
5 1.90 
6 1.90 
* end dispatch *
DISPATCH 74
loads:
1 0.00 
2 0.00 
3 20.79 
4 20.79 
5 5.05 
6 5.05 
7 5.05 
8 12.87 
9 12.87 
10 5.05 
11 17.76 
12 29.11 
13 34.40 
14 10.36 
15 7.10 
16 10.28 
17 43.09 
18 43.09 
19 43.09 
20 43.09 
21 43.09 
22 28.04 
23 24.77 
24 0.00 
25 0.00 
26 0.00 
27 0.00 
28 0.00 
29 0.00 
Pref:
1 185.72 1.0
2 130.13 1.0
3 10.07 1.0
4 97.51 1.0
5 12.81 1.0
6 16.02 1.0
lambda:
1 60.0 
2 30.0 
3 30.0 
4 30.0 
5 30.0 
6 30.0 
assets:
1 4.80 
2 4.80 
3 4.80 
4 1.57 
5 1.57 
6 1.57 
* end dispatch *
DISPATCH 75
loads:
1 0.00 
2 0.00 
3 20.91 
4 20.91 
5 5.08 
6 5.08 
7 5.08 
8 12.95 
9 12.95 
10 5.08 
11 17.87 
12 29.27 
13 34.60 
14 10.42 
15 7.14 
16 10.34 
17 43.34 
18 43.34 
19 43.34 
20 43.34 
21 43.34 
22 28.20 
23 24.91 
24 0.00 
25 0.00 
26 0.00 
27 0.00 
28 0.00 
29 0.00 
Pref:
1 185.72 1.0
2 130.13 1.0
3 10.07 1.0
4 97.51 1.0
5 12.81 1.0
6 16.02 1.0
lambda:
1 60.0 
2 30.0 
3 30.0 
4 30.0 
5 30.0 
6 30.0 
assets:
1 4.80 
2 4.80 
3 4.80 
4 1.17 
5 1.17 
6 1.17 
* end dispatch *
DISPATCH 76
loads:
1 0.00 
2 0.00 
3 20.84 
4 20.84 
5 5.06 
6 5.06 
7 5.06 
8 12.90 
9 12.90 
10 5.06 
11 17.80 
12 29.17 
13 34.48 
14 10.38 
15 7.11 
16 10.30 
17 43.18 
18 43.18 
19 43.18 
20 43.18 
21 43.18 
22 28.10 
23 24.82 
24 0.00 
25 0.00 
26 0.00 
27 0.00 
28 0.00 
29 0.00 
Pref:
1 185.72 1.0
2 130.13 1.0
3 10.07 1.0
4 97.51 1.0
5 12.81 1.0
6 16.02 1.0
lambda:
1 60.0 
2 30.0 
3 30.0 
4 30.0 
5 30.0 
6 30.0 
assets:
1 4.50 
2 4.50 
3 4.50 
4 1.20 
5 1.20 
6 1.20 
* end dispatch *
DISPATCH 77
loads:
1 0.00 
2 0.00 
3 20.86 
4 20.86 
5 5.07 
6 5.07 
7 5.07 
8 12.91 
9 12.91 
10 5.07 
11 17.82 
12 29.21 
13 34.52 
14 10.39 
15 7.12 
16 10.32 
17 43.24 
18 43.24 
19 43.24 
20 43.24 
21 43.24 
22 28.13 
23 24.86 
24 0.00 
25 0.00 
26 0.00 
27 0.00 
28 0.00 
29 0.00 
Pref:
1 185.72 1.0
2 130.13 1.0
3 10.07 1.0
4 97.51 1.0
5 12.81 1.0
6 16.02 1.0
lambda:
1 60.0 
2 30.0 
3 30.0 
4 30.0 
5 30.0 
6 30.0 
assets:
1 4.80 
2 4.80 
3 4.80 
4 1.40 
5 1.40 
6 1.40 
* end dispatch *
DISPATCH 78
loads:
1 0.00 
2 0.00 
3 20.69 
4 20.69 
5 5.03 
6 5.03 
7 5.03 
8 12.81 
9 12.81 
10 5.03 
11 17.68 
12 28.97 
13 34.24 
14 10.31 
15 7.07 
16 10.23 
17 42.89 
18 42.89 
19 42.89 
20 42.89 
21 42.89 
22 27.91 
23 24.65 
24 0.00 
25 0.00 
26 0.00 
27 0.00 
28 0.00 
29 0.00 
Pref:
1 185.72 1.0
2 130.13 1.0
3 10.07 1.0
4 97.51 1.0
5 12.81 1.0
6 16.02 1.0
lambda:
1 60.0 
2 30.0 
3 30.0 
4 30.0 
5 30.0 
6 30.0 
assets:
1 2.06 
2 2.06 
3 2.06 
4 2.33 
5 2.33 
6 2.33 
* end dispatch *
DISPATCH 79
loads:
1 0.00 
2 0.00 
3 20.95 
4 20.95 
5 5.09 
6 5.09 
7 5.09 
8 12.97 
9 12.97 
10 5.09 
11 17.90 
12 29.33 
13 34.67 
14 10.44 
15 7.15 
16 10.36 
17 43.42 
18 43.42 
19 43.42 
20 43.42 
21 43.42 
22 28.26 
23 24.96 
24 0.00 
25 0.00 
26 0.00 
27 0.00 
28 0.00 
29 0.00 
Pref:
1 185.42 1.0
2 129.34 1.0
3 11.48 1.0
4 96.92 1.0
5 14.61 1.0
6 16.35 1.0
lambda:
1 60.0 
2 30.0 
3 30.0 
4 30.0 
5 30.0 
6 30.0 
assets:
1 5.29 
2 5.29 
3 5.29 
4 2.13 
5 2.13 
6 2.13 
* end dispatch *
DISPATCH 80
loads:
1 0.00 
2 0.00 
3 21.07 
4 21.07 
5 5.12 
6 5.12 
7 5.12 
8 13.04 
9 13.04 
10 5.12 
11 18.00 
12 29.49 
13 34.86 
14 10.50 
15 7.19 
16 10.42 
17 43.67 
18 43.67 
19 43.67 
20 43.67 
21 43.67 
22 28.41 
23 25.10 
24 0.00 
25 0.00 
26 0.00 
27 0.00 
28 0.00 
29 0.00 
Pref:
1 185.42 1.0
2 129.34 1.0
3 11.48 1.0
4 96.92 1.0
5 14.61 1.0
6 16.35 1.0
lambda:
1 60.0 
2 30.0 
3 30.0 
4 30.0 
5 30.0 
6 30.0 
assets:
1 5.23 
2 5.23 
3 5.23 
4 1.96 
5 1.96 
6 1.96 
* end dispatch *
DISPATCH 81
loads:
1 0.00 
2 0.00 
3 21.24 
4 21.24 
5 5.16 
6 5.16 
7 5.16 
8 13.15 
9 13.15 
10 5.16 
11 18.15 
12 29.74 
13 35.15 
14 10.58 
15 7.25 
16 10.51 
17 44.03 
18 44.03 
19 44.03 
20 44.03 
21 44.03 
22 28.65 
23 25.31 
24 0.00 
25 0.00 
26 0.00 
27 0.00 
28 0.00 
29 0.00 
Pref:
1 185.42 1.0
2 129.34 1.0
3 11.48 1.0
4 96.92 1.0
5 14.61 1.0
6 16.35 1.0
lambda:
1 60.0 
2 30.0 
3 30.0 
4 30.0 
5 30.0 
6 30.0 
assets:
1 5.29 
2 5.29 
3 5.29 
4 2.63 
5 2.63 
6 2.63 
* end dispatch *
DISPATCH 82
loads:
1 0.00 
2 0.00 
3 21.22 
4 21.22 
5 5.15 
6 5.15 
7 5.15 
8 13.13 
9 13.13 
10 5.15 
11 18.13 
12 29.70 
13 35.11 
14 10.57 
15 7.24 
16 10.49 
17 43.97 
18 43.97 
19 43.97 
20 43.97 
21 43.97 
22 28.61 
23 25.28 
24 0.00 
25 0.00 
26 0.00 
27 0.00 
28 0.00 
29 0.00 
Pref:
1 185.42 1.0
2 129.34 1.0
3 11.48 1.0
4 96.92 1.0
5 14.61 1.0
6 16.35 1.0
lambda:
1 60.0 
2 30.0 
3 30.0 
4 30.0 
5 30.0 
6 30.0 
assets:
1 3.70 
2 3.70 
3 3.70 
4 3.06 
5 3.06 
6 3.06 
* end dispatch *
DISPATCH 83
loads:
1 0.00 
2 0.00 
3 21.30 
4 21.30 
5 5.18 
6 5.18 
7 5.18 
8 13.19 
9 13.19 
10 5.18 
11 18.20 
12 29.82 
13 35.25 
14 10.61 
15 7.27 
16 10.53 
17 44.15 
18 44.15 
19 44.15 
20 44.15 
21 44.15 
22 28.73 
23 25.38 
24 0.00 
25 0.00 
26 0.00 
27 0.00 
28 0.00 
29 0.00 
Pref:
1 185.42 1.0
2 129.34 1.0
3 11.48 1.0
4 96.92 1.0
5 14.61 1.0
6 16.35 1.0
lambda:
1 60.0 
2 30.0 
3 30.0 
4 30.0 
5 30.0 
6 30.0 
assets:
1 1.67 
2 1.67 
3 1.67 
4 2.93 
5 2.93 
6 2.93 
* end dispatch *
DISPATCH 84
loads:
1 0.00 
2 0.00 
3 21.43 
4 21.43 
5 5.21 
6 5.21 
7 5.21 
8 13.26 
9 13.26 
10 5.21 
11 18.30 
12 29.99 
13 35.45 
14 10.67 
15 7.32 
16 10.60 
17 44.41 
18 44.41 
19 44.41 
20 44.41 
21 44.41 
22 28.89 
23 25.53 
24 0.00 
25 0.00 
26 0.00 
27 0.00 
28 0.00 
29 0.00 
Pref:
1 185.42 1.0
2 129.34 1.0
3 11.48 1.0
4 96.92 1.0
5 14.61 1.0
6 16.35 1.0
lambda:
1 60.0 
2 30.0 
3 30.0 
4 30.0 
5 30.0 
6 30.0 
assets:
1 2.00 
2 2.00 
3 2.00 
4 3.16 
5 3.16 
6 3.16 
* end dispatch *
DISPATCH 85
loads:
1 0.00 
2 0.00 
3 21.46 
4 21.46 
5 5.21 
6 5.21 
7 5.21 
8 13.28 
9 13.28 
10 5.21 
11 18.33 
12 30.04 
13 35.50 
14 10.69 
15 7.33 
16 10.61 
17 44.47 
18 44.47 
19 44.47 
20 44.47 
21 44.47 
22 28.94 
23 25.56 
24 0.00 
25 0.00 
26 0.00 
27 0.00 
28 0.00 
29 0.00 
Pref:
1 182.90 1.0
2 128.30 1.0
3 16.44 1.0
4 96.14 1.0
5 20.92 1.0
6 15.40 1.0
lambda:
1 60.0 
2 30.0 
3 30.0 
4 30.0 
5 30.0 
6 30.0 
assets:
1 3.73 
2 3.73 
3 3.73 
4 2.10 
5 2.10 
6 2.10 
* end dispatch *
DISPATCH 86
loads:
1 0.00 
2 0.00 
3 21.47 
4 21.47 
5 5.22 
6 5.22 
7 5.22 
8 13.29 
9 13.29 
10 5.22 
11 18.34 
12 30.05 
13 35.52 
14 10.69 
15 7.33 
16 10.62 
17 44.49 
18 44.49 
19 44.49 
20 44.49 
21 44.49 
22 28.95 
23 25.57 
24 0.00 
25 0.00 
26 0.00 
27 0.00 
28 0.00 
29 0.00 
Pref:
1 182.90 1.0
2 128.30 1.0
3 16.44 1.0
4 96.14 1.0
5 20.92 1.0
6 15.40 1.0
lambda:
1 60.0 
2 30.0 
3 30.0 
4 30.0 
5 30.0 
6 30.0 
assets:
1 2.30 
2 2.30 
3 2.30 
4 2.23 
5 2.23 
6 2.23 
* end dispatch *
DISPATCH 87
loads:
1 0.00 
2 0.00 
3 21.45 
4 21.45 
5 5.21 
6 5.21 
7 5.21 
8 13.27 
9 13.27 
10 5.21 
11 18.32 
12 30.02 
13 35.48 
14 10.68 
15 7.32 
16 10.61 
17 44.44 
18 44.44 
19 44.44 
20 44.44 
21 44.44 
22 28.92 
23 25.55 
24 0.00 
25 0.00 
26 0.00 
27 0.00 
28 0.00 
29 0.00 
Pref:
1 182.90 1.0
2 128.30 1.0
3 16.44 1.0
4 96.14 1.0
5 20.92 1.0
6 15.40 1.0
lambda:
1 60.0 
2 30.0 
3 30.0 
4 30.0 
5 30.0 
6 30.0 
assets:
1 1.93 
2 1.93 
3 1.93 
4 2.76 
5 2.76 
6 2.76 
* end dispatch *
DISPATCH 88
loads:
1 0.00 
2 0.00 
3 21.33 
4 21.33 
5 5.18 
6 5.18 
7 5.18 
8 13.21 
9 13.21 
10 5.18 
11 18.22 
12 29.86 
13 35.30 
14 10.63 
15 7.28 
16 10.55 
17 44.21 
18 44.21 
19 44.21 
20 44.21 
21 44.21 
22 28.77 
23 25.41 
24 0.00 
25 0.00 
26 0.00 
27 0.00 
28 0.00 
29 0.00 
Pref:
1 182.90 1.0
2 128.30 1.0
3 16.44 1.0
4 96.14 1.0
5 20.92 1.0
6 15.40 1.0
lambda:
1 60.0 
2 30.0 
3 30.0 
4 30.0 
5 30.0 
6 30.0 
assets:
1 2.03 
2 2.03 
3 2.03 
4 2.56 
5 2.56 
6 2.56 
* end dispatch *
DISPATCH 89
loads:
1 0.00 
2 0.00 
3 21.25 
4 21.25 
5 5.16 
6 5.16 
7 5.16 
8 13.15 
9 13.15 
10 5.16 
11 18.15 
12 29.74 
13 35.16 
14 10.58 
15 7.26 
16 10.51 
17 44.04 
18 44.04 
19 44.04 
20 44.04 
21 44.04 
22 28.65 
23 25.31 
24 0.00 
25 0.00 
26 0.00 
27 0.00 
28 0.00 
29 0.00 
Pref:
1 182.90 1.0
2 128.30 1.0
3 16.44 1.0
4 96.14 1.0
5 20.92 1.0
6 15.40 1.0
lambda:
1 60.0 
2 30.0 
3 30.0 
4 30.0 
5 30.0 
6 30.0 
assets:
1 1.86 
2 1.86 
3 1.86 
4 2.06 
5 2.06 
6 2.06 
* end dispatch *
DISPATCH 90
loads:
1 0.00 
2 0.00 
3 21.39 
4 21.39 
5 5.20 
6 5.20 
7 5.20 
8 13.24 
9 13.24 
10 5.20 
11 18.27 
12 29.94 
13 35.39 
14 10.66 
15 7.30 
16 10.58 
17 44.33 
18 44.33 
19 44.33 
20 44.33 
21 44.33 
22 28.85 
23 25.48 
24 0.00 
25 0.00 
26 0.00 
27 0.00 
28 0.00 
29 0.00 
Pref:
1 182.90 1.0
2 128.30 1.0
3 16.44 1.0
4 96.14 1.0
5 20.92 1.0
6 15.40 1.0
lambda:
1 60.0 
2 30.0 
3 30.0 
4 30.0 
5 30.0 
6 30.0 
assets:
1 4.96 
2 4.96 
3 4.96 
4 3.16 
5 3.16 
6 3.16 
* end dispatch *
DISPATCH 91
loads:
1 0.00 
2 0.00 
3 21.40 
4 21.40 
5 5.20 
6 5.20 
7 5.20 
8 13.25 
9 13.25 
10 5.20 
11 18.28 
12 29.96 
13 35.41 
14 10.66 
15 7.31 
16 10.58 
17 44.35 
18 44.35 
19 44.35 
20 44.35 
21 44.35 
22 28.86 
23 25.49 
24 0.00 
25 0.00 
26 0.00 
27 0.00 
28 0.00 
29 0.00 
Pref:
1 181.43 1.0
2 126.83 1.0
3 12.70 1.0
4 95.04 1.0
5 16.16 1.0
6 22.58 1.0
lambda:
1 60.0 
2 30.0 
3 30.0 
4 30.0 
5 30.0 
6 30.0 
assets:
1 4.63 
2 4.63 
3 4.63 
4 2.16 
5 2.16 
6 2.16 
* end dispatch *
DISPATCH 92
loads:
1 0.00 
2 0.00 
3 21.05 
4 21.05 
5 5.11 
6 5.11 
7 5.11 
8 13.03 
9 13.03 
10 5.11 
11 17.98 
12 29.47 
13 34.83 
14 10.49 
15 7.19 
16 10.41 
17 43.63 
18 43.63 
19 43.63 
20 43.63 
21 43.63 
22 28.39 
23 25.08 
24 0.00 
25 0.00 
26 0.00 
27 0.00 
28 0.00 
29 0.00 
Pref:
1 181.43 1.0
2 126.83 1.0
3 12.70 1.0
4 95.04 1.0
5 16.16 1.0
6 22.58 1.0
lambda:
1 60.0 
2 30.0 
3 30.0 
4 30.0 
5 30.0 
6 30.0 
assets:
1 1.93 
2 1.93 
3 1.93 
4 2.40 
5 2.40 
6 2.40 
* end dispatch *
DISPATCH 93
loads:
1 0.00 
2 0.00 
3 21.25 
4 21.25 
5 5.16 
6 5.16 
7 5.16 
8 13.15 
9 13.15 
10 5.16 
11 18.15 
12 29.74 
13 35.16 
14 10.58 
15 7.26 
16 10.51 
17 44.04 
18 44.04 
19 44.04 
20 44.04 
21 44.04 
22 28.65 
23 25.31 
24 0.00 
25 0.00 
26 0.00 
27 0.00 
28 0.00 
29 0.00 
Pref:
1 181.43 1.0
2 126.83 1.0
3 12.70 1.0
4 95.04 1.0
5 16.16 1.0
6 22.58 1.0
lambda:
1 60.0 
2 30.0 
3 30.0 
4 30.0 
5 30.0 
6 30.0 
assets:
1 1.73 
2 1.73 
3 1.73 
4 1.67 
5 1.67 
6 1.67 
* end dispatch *
DISPATCH 94
loads:
1 0.00 
2 0.00 
3 21.07 
4 21.07 
5 5.12 
6 5.12 
7 5.12 
8 13.04 
9 13.04 
10 5.12 
11 18.00 
12 29.49 
13 34.86 
14 10.50 
15 7.19 
16 10.42 
17 43.67 
18 43.67 
19 43.67 
20 43.67 
21 43.67 
22 28.41 
23 25.10 
24 0.00 
25 0.00 
26 0.00 
27 0.00 
28 0.00 
29 0.00 
Pref:
1 181.43 1.0
2 126.83 1.0
3 12.70 1.0
4 95.04 1.0
5 16.16 1.0
6 22.58 1.0
lambda:
1 60.0 
2 30.0 
3 30.0 
4 30.0 
5 30.0 
6 30.0 
assets:
1 1.43 
2 1.43 
3 1.43 
4 1.23 
5 1.23 
6 1.23 
* end dispatch *
DISPATCH 95
loads:
1 0.00 
2 0.00 
3 21.02 
4 21.02 
5 5.11 
6 5.11 
7 5.11 
8 13.01 
9 13.01 
10 5.11 
11 17.96 
12 29.42 
13 34.78 
14 10.47 
15 7.18 
16 10.39 
17 43.56 
18 43.56 
19 43.56 
20 43.56 
21 43.56 
22 28.35 
23 25.04 
24 0.00 
25 0.00 
26 0.00 
27 0.00 
28 0.00 
29 0.00 
Pref:
1 181.43 1.0
2 126.83 1.0
3 12.70 1.0
4 95.04 1.0
5 16.16 1.0
6 22.58 1.0
lambda:
1 60.0 
2 30.0 
3 30.0 
4 30.0 
5 30.0 
6 30.0 
assets:
1 2.73 
2 2.73 
3 2.73 
4 1.10 
5 1.10 
6 1.10 
* end dispatch *
DISPATCH 96
loads:
1 0.00 
2 0.00 
3 20.76 
4 20.76 
5 5.04 
6 5.04 
7 5.04 
8 12.85 
9 12.85 
10 5.04 
11 17.73 
12 29.06 
13 34.34 
14 10.34 
15 7.09 
16 10.26 
17 43.02 
18 43.02 
19 43.02 
20 43.02 
21 43.02 
22 27.99 
23 24.73 
24 0.00 
25 0.00 
26 0.00 
27 0.00 
28 0.00 
29 0.00 
Pref:
1 181.43 1.0
2 126.83 1.0
3 12.70 1.0
4 95.04 1.0
5 16.16 1.0
6 22.58 1.0
lambda:
1 60.0 
2 30.0 
3 30.0 
4 30.0 
5 30.0 
6 30.0 
assets:
1 2.33 
2 2.33 
3 2.33 
4 1.20 
5 1.20 
6 1.20 
* end dispatch *
DISPATCH 97
loads:
1 0.00 
2 0.00 
3 20.59 
4 20.59 
5 5.00 
6 5.00 
7 5.00 
8 12.74 
9 12.74 
10 5.00 
11 17.59 
12 28.82 
13 34.06 
14 10.25 
15 7.03 
16 10.18 
17 42.66 
18 42.66 
19 42.66 
20 42.66 
21 42.66 
22 27.76 
23 24.52 
24 0.00 
25 0.00 
26 0.00 
27 0.00 
28 0.00 
29 0.00 
Pref:
1 161.15 1.0
2 128.48 1.0
3 11.08 1.0
4 96.27 1.0
5 14.10 1.0
6 23.79 1.0
lambda:
1 60.0 
2 30.0 
3 30.0 
4 30.0 
5 30.0 
6 30.0 
assets:
1 2.63 
2 2.63 
3 2.63 
4 0.90 
5 0.90 
6 0.90 
* end dispatch *
DISPATCH 98
loads:
1 0.00 
2 0.00 
3 20.76 
4 20.76 
5 5.04 
6 5.04 
7 5.04 
8 12.85 
9 12.85 
10 5.04 
11 17.74 
12 29.06 
13 34.35 
14 10.34 
15 7.09 
16 10.27 
17 43.03 
18 43.03 
19 43.03 
20 43.03 
21 43.03 
22 28.00 
23 24.73 
24 0.00 
25 0.00 
26 0.00 
27 0.00 
28 0.00 
29 0.00 
Pref:
1 161.15 1.0
2 128.48 1.0
3 11.08 1.0
4 96.27 1.0
5 14.10 1.0
6 23.79 1.0
lambda:
1 60.0 
2 30.0 
3 30.0 
4 30.0 
5 30.0 
6 30.0 
assets:
1 4.16 
2 4.16 
3 4.16 
4 0.97 
5 0.97 
6 0.97 
* end dispatch *
DISPATCH 99
loads:
1 0.00 
2 0.00 
3 20.33 
4 20.33 
5 4.94 
6 4.94 
7 4.94 
8 12.58 
9 12.58 
10 4.94 
11 17.36 
12 28.45 
13 33.63 
14 10.13 
15 6.94 
16 10.05 
17 42.13 
18 42.13 
19 42.13 
20 42.13 
21 42.13 
22 27.41 
23 24.22 
24 0.00 
25 0.00 
26 0.00 
27 0.00 
28 0.00 
29 0.00 
Pref:
1 161.15 1.0
2 128.48 1.0
3 11.08 1.0
4 96.27 1.0
5 14.10 1.0
6 23.79 1.0
lambda:
1 60.0 
2 30.0 
3 30.0 
4 30.0 
5 30.0 
6 30.0 
assets:
1 1.53 
2 1.53 
3 1.53 
4 0.93 
5 0.93 
6 0.93 
* end dispatch *
DISPATCH 100
loads:
1 0.00 
2 0.00 
3 20.19 
4 20.19 
5 4.90 
6 4.90 
7 4.90 
8 12.50 
9 12.50 
10 4.90 
11 17.25 
12 28.26 
13 33.40 
14 10.06 
15 6.89 
16 9.98 
17 41.84 
18 41.84 
19 41.84 
20 41.84 
21 41.84 
22 27.22 
23 24.05 
24 0.00 
25 0.00 
26 0.00 
27 0.00 
28 0.00 
29 0.00 
Pref:
1 161.15 1.0
2 128.48 1.0
3 11.08 1.0
4 96.27 1.0
5 14.10 1.0
6 23.79 1.0
lambda:
1 60.0 
2 30.0 
3 30.0 
4 30.0 
5 30.0 
6 30.0 
assets:
1 2.73 
2 2.73 
3 2.73 
4 2.10 
5 2.10 
6 2.10 
* end dispatch *
DISPATCH 101
loads:
1 0.00 
2 0.00 
3 20.14 
4 20.14 
5 4.89 
6 4.89 
7 4.89 
8 12.47 
9 12.47 
10 4.89 
11 17.20 
12 28.19 
13 33.32 
14 10.03 
15 6.88 
16 9.96 
17 41.74 
18 41.74 
19 41.74 
20 41.74 
21 41.74 
22 27.16 
23 23.99 
24 0.00 
25 0.00 
26 0.00 
27 0.00 
28 0.00 
29 0.00 
Pref:
1 161.15 1.0
2 128.48 1.0
3 11.08 1.0
4 96.27 1.0
5 14.10 1.0
6 23.79 1.0
lambda:
1 60.0 
2 30.0 
3 30.0 
4 30.0 
5 30.0 
6 30.0 
assets:
1 2.53 
2 2.53 
3 2.53 
4 1.93 
5 1.93 
6 1.93 
* end dispatch *
DISPATCH 102
loads:
1 0.00 
2 0.00 
3 19.80 
4 19.80 
5 4.81 
6 4.81 
7 4.81 
8 12.26 
9 12.26 
10 4.81 
11 16.92 
12 27.72 
13 32.77 
14 9.86 
15 6.76 
16 9.79 
17 41.04 
18 41.04 
19 41.04 
20 41.04 
21 41.04 
22 26.70 
23 23.59 
24 0.00 
25 0.00 
26 0.00 
27 0.00 
28 0.00 
29 0.00 
Pref:
1 161.15 1.0
2 128.48 1.0
3 11.08 1.0
4 96.27 1.0
5 14.10 1.0
6 23.79 1.0
lambda:
1 60.0 
2 30.0 
3 30.0 
4 30.0 
5 30.0 
6 30.0 
assets:
1 1.17 
2 1.17 
3 1.17 
4 1.17 
5 1.17 
6 1.17 
* end dispatch *
DISPATCH 103
loads:
1 0.00 
2 0.00 
3 19.69 
4 19.69 
5 4.78 
6 4.78 
7 4.78 
8 12.19 
9 12.19 
10 4.78 
11 16.82 
12 27.56 
13 32.58 
14 9.81 
15 6.72 
16 9.74 
17 40.81 
18 40.81 
19 40.81 
20 40.81 
21 40.81 
22 26.55 
23 23.46 
24 0.00 
25 0.00 
26 0.00 
27 0.00 
28 0.00 
29 0.00 
Pref:
1 156.97 1.0
2 120.24 1.0
3 11.99 1.0
4 90.10 1.0
5 15.26 1.0
6 26.03 1.0
lambda:
1 60.0 
2 30.0 
3 30.0 
4 30.0 
5 30.0 
6 30.0 
assets:
1 1.40 
2 1.40 
3 1.40 
4 2.56 
5 2.56 
6 2.56 
* end dispatch *
DISPATCH 104
loads:
1 0.00 
2 0.00 
3 19.46 
4 19.46 
5 4.73 
6 4.73 
7 4.73 
8 12.05 
9 12.05 
10 4.73 
11 16.63 
12 27.25 
13 32.20 
14 9.70 
15 6.65 
16 9.63 
17 40.34 
18 40.34 
19 40.34 
20 40.34 
21 40.34 
22 26.25 
23 23.19 
24 0.00 
25 0.00 
26 0.00 
27 0.00 
28 0.00 
29 0.00 
Pref:
1 156.97 1.0
2 120.24 1.0
3 11.99 1.0
4 90.10 1.0
5 15.26 1.0
6 26.03 1.0
lambda:
1 60.0 
2 30.0 
3 30.0 
4 30.0 
5 30.0 
6 30.0 
assets:
1 1.23 
2 1.23 
3 1.23 
4 6.46 
5 6.46 
6 6.46 
* end dispatch *
DISPATCH 105
loads:
1 0.00 
2 0.00 
3 19.73 
4 19.73 
5 4.79 
6 4.79 
7 4.79 
8 12.21 
9 12.21 
10 4.79 
11 16.85 
12 27.61 
13 32.64 
14 9.83 
15 6.74 
16 9.76 
17 40.88 
18 40.88 
19 40.88 
20 40.88 
21 40.88 
22 26.60 
23 23.50 
24 0.00 
25 0.00 
26 0.00 
27 0.00 
28 0.00 
29 0.00 
Pref:
1 156.97 1.0
2 120.24 1.0
3 11.99 1.0
4 90.10 1.0
5 15.26 1.0
6 26.03 1.0
lambda:
1 60.0 
2 30.0 
3 30.0 
4 30.0 
5 30.0 
6 30.0 
assets:
1 3.10 
2 3.10 
3 3.10 
4 9.09 
5 9.09 
6 9.09 
* end dispatch *
DISPATCH 106
loads:
1 0.00 
2 0.00 
3 19.32 
4 19.32 
5 4.69 
6 4.69 
7 4.69 
8 11.96 
9 11.96 
10 4.69 
11 16.51 
12 27.05 
13 31.97 
14 9.63 
15 6.60 
16 9.56 
17 40.05 
18 40.05 
19 40.05 
20 40.05 
21 40.05 
22 26.06 
23 23.02 
24 0.00 
25 0.00 
26 0.00 
27 0.00 
28 0.00 
29 0.00 
Pref:
1 156.97 1.0
2 120.24 1.0
3 11.99 1.0
4 90.10 1.0
5 15.26 1.0
6 26.03 1.0
lambda:
1 60.0 
2 30.0 
3 30.0 
4 30.0 
5 30.0 
6 30.0 
assets:
1 0.97 
2 0.97 
3 0.97 
4 5.66 
5 5.66 
6 5.66 
* end dispatch *
DISPATCH 107
loads:
1 0.00 
2 0.00 
3 19.58 
4 19.58 
5 4.76 
6 4.76 
7 4.76 
8 12.12 
9 12.12 
10 4.76 
11 16.73 
12 27.41 
13 32.40 
14 9.75 
15 6.69 
16 9.68 
17 40.58 
18 40.58 
19 40.58 
20 40.58 
21 40.58 
22 26.40 
23 23.33 
24 0.00 
25 0.00 
26 0.00 
27 0.00 
28 0.00 
29 0.00 
Pref:
1 156.97 1.0
2 120.24 1.0
3 11.99 1.0
4 90.10 1.0
5 15.26 1.0
6 26.03 1.0
lambda:
1 60.0 
2 30.0 
3 30.0 
4 30.0 
5 30.0 
6 30.0 
assets:
1 2.06 
2 2.06 
3 2.06 
4 8.13 
5 8.13 
6 8.13 
* end dispatch *
DISPATCH 108
loads:
1 0.00 
2 0.00 
3 19.48 
4 19.48 
5 4.73 
6 4.73 
7 4.73 
8 12.06 
9 12.06 
10 4.73 
11 16.64 
12 27.26 
13 32.23 
14 9.70 
15 6.65 
16 9.63 
17 40.37 
18 40.37 
19 40.37 
20 40.37 
21 40.37 
22 26.26 
23 23.20 
24 0.00 
25 0.00 
26 0.00 
27 0.00 
28 0.00 
29 0.00 
Pref:
1 156.97 1.0
2 120.24 1.0
3 11.99 1.0
4 90.10 1.0
5 15.26 1.0
6 26.03 1.0
lambda:
1 60.0 
2 30.0 
3 30.0 
4 30.0 
5 30.0 
6 30.0 
assets:
1 2.23 
2 2.23 
3 2.23 
4 6.93 
5 6.93 
6 6.93 
* end dispatch *
DISPATCH 109
loads:
1 0.00 
2 0.00 
3 19.52 
4 19.52 
5 4.74 
6 4.74 
7 4.74 
8 12.08 
9 12.08 
10 4.74 
11 16.67 
12 27.32 
13 32.29 
14 9.72 
15 6.66 
16 9.65 
17 40.45 
18 40.45 
19 40.45 
20 40.45 
21 40.45 
22 26.32 
23 23.25 
24 0.00 
25 0.00 
26 0.00 
27 0.00 
28 0.00 
29 0.00 
Pref:
1 132.24 1.0
2 111.33 1.0
3 13.71 1.0
4 83.42 1.0
5 17.45 1.0
6 26.65 1.0
lambda:
1 60.0 
2 30.0 
3 30.0 
4 30.0 
5 30.0 
6 30.0 
assets:
1 1.60 
2 1.60 
3 1.60 
4 3.96 
5 3.96 
6 3.96 
* end dispatch *
DISPATCH 110
loads:
1 0.00 
2 0.00 
3 19.40 
4 19.40 
5 4.71 
6 4.71 
7 4.71 
8 12.01 
9 12.01 
10 4.71 
11 16.57 
12 27.15 
13 32.09 
14 9.66 
15 6.62 
16 9.59 
17 40.20 
18 40.20 
19 40.20 
20 40.20 
21 40.20 
22 26.16 
23 23.11 
24 0.00 
25 0.00 
26 0.00 
27 0.00 
28 0.00 
29 0.00 
Pref:
1 132.24 1.0
2 111.33 1.0
3 13.71 1.0
4 83.42 1.0
5 17.45 1.0
6 26.65 1.0
lambda:
1 60.0 
2 30.0 
3 30.0 
4 30.0 
5 30.0 
6 30.0 
assets:
1 0.47 
2 0.47 
3 0.47 
4 4.53 
5 4.53 
6 4.53 
* end dispatch *
DISPATCH 111
loads:
1 0.00 
2 0.00 
3 19.57 
4 19.57 
5 4.75 
6 4.75 
7 4.75 
8 12.11 
9 12.11 
10 4.75 
11 16.72 
12 27.40 
13 32.38 
14 9.75 
15 6.68 
16 9.68 
17 40.56 
18 40.56 
19 40.56 
20 40.56 
21 40.56 
22 26.39 
23 23.31 
24 0.00 
25 0.00 
26 0.00 
27 0.00 
28 0.00 
29 0.00 
Pref:
1 132.24 1.0
2 111.33 1.0
3 13.71 1.0
4 83.42 1.0
5 17.45 1.0
6 26.65 1.0
lambda:
1 60.0 
2 30.0 
3 30.0 
4 30.0 
5 30.0 
6 30.0 
assets:
1 0.40 
2 0.40 
3 0.40 
4 12.42 
5 12.42 
6 12.42 
* end dispatch *
DISPATCH 112
loads:
1 0.00 
2 0.00 
3 19.98 
4 19.98 
5 4.85 
6 4.85 
7 4.85 
8 12.37 
9 12.37 
10 4.85 
11 17.07 
12 27.97 
13 33.05 
14 9.95 
15 6.82 
16 9.88 
17 41.40 
18 41.40 
19 41.40 
20 41.40 
21 41.40 
22 26.94 
23 23.80 
24 0.00 
25 0.00 
26 0.00 
27 0.00 
28 0.00 
29 0.00 
Pref:
1 132.24 1.0
2 111.33 1.0
3 13.71 1.0
4 83.42 1.0
5 17.45 1.0
6 26.65 1.0
lambda:
1 60.0 
2 30.0 
3 30.0 
4 30.0 
5 30.0 
6 30.0 
assets:
1 0.50 
2 0.50 
3 0.50 
4 19.38 
5 19.38 
6 19.38 
* end dispatch *
DISPATCH 113
loads:
1 0.00 
2 0.00 
3 19.96 
4 19.96 
5 4.85 
6 4.85 
7 4.85 
8 12.35 
9 12.35 
10 4.85 
11 17.05 
12 27.93 
13 33.02 
14 9.94 
15 6.81 
16 9.87 
17 41.36 
18 41.36 
19 41.36 
20 41.36 
21 41.36 
22 26.91 
23 23.77 
24 0.00 
25 0.00 
26 0.00 
27 0.00 
28 0.00 
29 0.00 
Pref:
1 132.24 1.0
2 111.33 1.0
3 13.71 1.0
4 83.42 1.0
5 17.45 1.0
6 26.65 1.0
lambda:
1 60.0 
2 30.0 
3 30.0 
4 30.0 
5 30.0 
6 30.0 
assets:
4 16.12 
5 16.12 
6 16.12 
* end dispatch *
DISPATCH 114
loads:
1 0.00 
2 0.00 
3 20.05 
4 20.05 
5 4.87 
6 4.87 
7 4.87 
8 12.41 
9 12.41 
10 4.87 
11 17.13 
12 28.07 
13 33.17 
14 9.99 
15 6.85 
16 9.91 
17 41.55 
18 41.55 
19 41.55 
20 41.55 
21 41.55 
22 27.04 
23 23.89 
24 0.00 
25 0.00 
26 0.00 
27 0.00 
28 0.00 
29 0.00 
Pref:
1 132.24 1.0
2 111.33 1.0
3 13.71 1.0
4 83.42 1.0
5 17.45 1.0
6 26.65 1.0
lambda:
1 60.0 
2 30.0 
3 30.0 
4 30.0 
5 30.0 
6 30.0 
assets:
1 0.17 
2 0.17 
3 0.17 
4 19.35 
5 19.35 
6 19.35 
* end dispatch *
DISPATCH 115
loads:
1 0.00 
2 0.00 
3 20.33 
4 20.33 
5 4.94 
6 4.94 
7 4.94 
8 12.58 
9 12.58 
10 4.94 
11 17.36 
12 28.45 
13 33.63 
14 10.13 
15 6.94 
16 10.05 
17 42.13 
18 42.13 
19 42.13 
20 42.13 
21 42.13 
22 27.41 
23 24.22 
24 0.00 
25 0.00 
26 0.00 
27 0.00 
28 0.00 
29 0.00 
Pref:
1 151.07 1.0
2 120.30 1.0
3 5.98 1.0
4 90.15 1.0
5 7.61 1.0
6 28.28 1.0
lambda:
1 60.0 
2 30.0 
3 30.0 
4 30.0 
5 30.0 
6 30.0 
assets:
1 0.07 
2 0.07 
3 0.07 
4 23.21 
5 23.21 
6 23.21 
* end dispatch *
DISPATCH 116
loads:
1 0.00 
2 0.00 
3 20.38 
4 20.38 
5 4.95 
6 4.95 
7 4.95 
8 12.62 
9 12.62 
10 4.95 
11 17.41 
12 28.53 
13 33.72 
14 10.15 
15 6.96 
16 10.08 
17 42.24 
18 42.24 
19 42.24 
20 42.24 
21 42.24 
22 27.48 
23 24.28 
24 0.00 
25 0.00 
26 0.00 
27 0.00 
28 0.00 
29 0.00 
Pref:
1 151.07 1.0
2 120.30 1.0
3 5.98 1.0
4 90.15 1.0
5 7.61 1.0
6 28.28 1.0
lambda:
1 60.0 
2 30.0 
3 30.0 
4 30.0 
5 30.0 
6 30.0 
assets:
1 0.07 
2 0.07 
3 0.07 
4 23.14 
5 23.14 
6 23.14 
* end dispatch *
DISPATCH 117
loads:
1 0.00 
2 0.00 
3 20.64 
4 20.64 
5 5.01 
6 5.01 
7 5.01 
8 12.77 
9 12.77 
10 5.01 
11 17.63 
12 28.89 
13 34.14 
14 10.28 
15 7.05 
16 10.20 
17 42.77 
18 42.77 
19 42.77 
20 42.77 
21 42.77 
22 27.83 
23 24.58 
24 0.00 
25 0.00 
26 0.00 
27 0.00 
28 0.00 
29 0.00 
Pref:
1 151.07 1.0
2 120.30 1.0
3 5.98 1.0
4 90.15 1.0
5 7.61 1.0
6 28.28 1.0
lambda:
1 60.0 
2 30.0 
3 30.0 
4 30.0 
5 30.0 
6 30.0 
assets:
1 0.07 
2 0.07 
3 0.07 
4 24.68 
5 24.68 
6 24.68 
* end dispatch *
DISPATCH 118
loads:
1 0.00 
2 0.00 
3 20.81 
4 20.81 
5 5.06 
6 5.06 
7 5.06 
8 12.88 
9 12.88 
10 5.06 
11 17.78 
12 29.14 
13 34.44 
14 10.37 
15 7.11 
16 10.29 
17 43.14 
18 43.14 
19 43.14 
20 43.14 
21 43.14 
22 28.07 
23 24.80 
24 0.00 
25 0.00 
26 0.00 
27 0.00 
28 0.00 
29 0.00 
Pref:
1 151.07 1.0
2 120.30 1.0
3 5.98 1.0
4 90.15 1.0
5 7.61 1.0
6 28.28 1.0
lambda:
1 60.0 
2 30.0 
3 30.0 
4 30.0 
5 30.0 
6 30.0 
assets:
1 0.07 
2 0.07 
3 0.07 
4 21.35 
5 21.35 
6 21.35 
* end dispatch *
DISPATCH 119
loads:
1 0.00 
2 0.00 
3 21.03 
4 21.03 
5 5.11 
6 5.11 
7 5.11 
8 13.02 
9 13.02 
10 5.11 
11 17.96 
12 29.44 
13 34.79 
14 10.48 
15 7.18 
16 10.40 
17 43.58 
18 43.58 
19 43.58 
20 43.58 
21 43.58 
22 28.36 
23 25.05 
24 0.00 
25 0.00 
26 0.00 
27 0.00 
28 0.00 
29 0.00 
Pref:
1 151.07 1.0
2 120.30 1.0
3 5.98 1.0
4 90.15 1.0
5 7.61 1.0
6 28.28 1.0
lambda:
1 60.0 
2 30.0 
3 30.0 
4 30.0 
5 30.0 
6 30.0 
assets:
1 0.07 
2 0.07 
3 0.07 
4 18.51 
5 18.51 
6 18.51 
* end dispatch *
DISPATCH 120
loads:
1 0.00 
2 0.00 
3 21.84 
4 21.84 
5 5.31 
6 5.31 
7 5.31 
8 13.52 
9 13.52 
10 5.31 
11 18.66 
12 30.57 
13 36.13 
14 10.88 
15 7.46 
16 10.80 
17 45.26 
18 45.26 
19 45.26 
20 45.26 
21 45.26 
22 29.45 
23 26.02 
24 0.00 
25 0.00 
26 0.00 
27 0.00 
28 0.00 
29 0.00 
Pref:
1 151.07 1.0
2 120.30 1.0
3 5.98 1.0
4 90.15 1.0
5 7.61 1.0
6 28.28 1.0
lambda:
1 60.0 
2 30.0 
3 30.0 
4 30.0 
5 30.0 
6 30.0 
assets:
4 21.64 
5 21.64 
6 21.64 
* end dispatch *
DISPATCH 121
loads:
1 0.00 
2 0.00 
3 22.57 
4 22.57 
5 5.48 
6 5.48 
7 5.48 
8 13.97 
9 13.97 
10 5.48 
11 19.28 
12 31.59 
13 37.34 
14 11.24 
15 7.71 
16 11.16 
17 46.77 
18 46.77 
19 46.77 
20 46.77 
21 46.77 
22 30.43 
23 26.89 
24 0.00 
25 0.00 
26 0.00 
27 0.00 
28 0.00 
29 0.00 
Pref:
1 154.30 1.0
2 131.46 1.0
3 16.06 1.0
4 98.50 1.0
5 20.43 1.0
6 29.35 1.0
lambda:
1 60.0 
2 30.0 
3 30.0 
4 30.0 
5 30.0 
6 30.0 
assets:
4 24.18 
5 24.18 
6 24.18 
* end dispatch *
DISPATCH 122
loads:
1 0.00 
2 0.00 
3 23.08 
4 23.08 
5 5.61 
6 5.61 
7 5.61 
8 14.29 
9 14.29 
10 5.61 
11 19.72 
12 32.31 
13 38.19 
14 11.50 
15 7.88 
16 11.41 
17 47.84 
18 47.84 
19 47.84 
20 47.84 
21 47.84 
22 31.13 
23 27.50 
24 0.00 
25 0.00 
26 0.00 
27 0.00 
28 0.00 
29 0.00 
Pref:
1 154.30 1.0
2 131.46 1.0
3 16.06 1.0
4 98.50 1.0
5 20.43 1.0
6 29.35 1.0
lambda:
1 60.0 
2 30.0 
3 30.0 
4 30.0 
5 30.0 
6 30.0 
assets:
4 24.04 
5 24.04 
6 24.04 
* end dispatch *
DISPATCH 123
loads:
1 0.00 
2 0.00 
3 23.27 
4 23.27 
5 5.65 
6 5.65 
7 5.65 
8 14.40 
9 14.40 
10 5.65 
11 19.88 
12 32.57 
13 38.50 
14 11.59 
15 7.95 
16 11.51 
17 48.23 
18 48.23 
19 48.23 
20 48.23 
21 48.23 
22 31.38 
23 27.72 
24 0.00 
25 0.00 
26 0.00 
27 0.00 
28 0.00 
29 0.00 
Pref:
1 154.30 1.0
2 131.46 1.0
3 16.06 1.0
4 98.50 1.0
5 20.43 1.0
6 29.35 1.0
lambda:
1 60.0 
2 30.0 
3 30.0 
4 30.0 
5 30.0 
6 30.0 
assets:
4 25.67 
5 25.67 
6 25.67 
* end dispatch *
DISPATCH 124
loads:
1 0.00 
2 0.00 
3 23.53 
4 23.53 
5 5.72 
6 5.72 
7 5.72 
8 14.56 
9 14.56 
10 5.72 
11 20.10 
12 32.93 
13 38.92 
14 11.72 
15 8.03 
16 11.63 
17 48.76 
18 48.76 
19 48.76 
20 48.76 
21 48.76 
22 31.72 
23 28.03 
24 0.00 
25 0.00 
26 0.00 
27 0.00 
28 0.00 
29 0.00 
Pref:
1 154.30 1.0
2 131.46 1.0
3 16.06 1.0
4 98.50 1.0
5 20.43 1.0
6 29.35 1.0
lambda:
1 60.0 
2 30.0 
3 30.0 
4 30.0 
5 30.0 
6 30.0 
assets:
4 23.98 
5 23.98 
6 23.98 
* end dispatch *
DISPATCH 125
loads:
1 0.00 
2 0.00 
3 23.55 
4 23.55 
5 5.72 
6 5.72 
7 5.72 
8 14.58 
9 14.58 
10 5.72 
11 20.12 
12 32.96 
13 38.96 
14 11.73 
15 8.04 
16 11.64 
17 48.80 
18 48.80 
19 48.80 
20 48.80 
21 48.80 
22 31.75 
23 28.05 
24 0.00 
25 0.00 
26 0.00 
27 0.00 
28 0.00 
29 0.00 
Pref:
1 154.30 1.0
2 131.46 1.0
3 16.06 1.0
4 98.50 1.0
5 20.43 1.0
6 29.35 1.0
lambda:
1 60.0 
2 30.0 
3 30.0 
4 30.0 
5 30.0 
6 30.0 
assets:
4 22.84 
5 22.84 
6 22.84 
* end dispatch *
DISPATCH 126
loads:
1 0.00 
2 0.00 
3 23.78 
4 23.78 
5 5.78 
6 5.78 
7 5.78 
8 14.72 
9 14.72 
10 5.78 
11 20.32 
12 33.29 
13 39.35 
14 11.85 
15 8.12 
16 11.76 
17 49.29 
18 49.29 
19 49.29 
20 49.29 
21 49.29 
22 32.07 
23 28.33 
24 0.00 
25 0.00 
26 0.00 
27 0.00 
28 0.00 
29 0.00 
Pref:
1 154.30 1.0
2 131.46 1.0
3 16.06 1.0
4 98.50 1.0
5 20.43 1.0
6 29.35 1.0
lambda:
1 60.0 
2 30.0 
3 30.0 
4 30.0 
5 30.0 
6 30.0 
assets:
4 24.08 
5 24.08 
6 24.08 
* end dispatch *
DISPATCH 127
loads:
1 0.00 
2 0.00 
3 23.95 
4 23.95 
5 5.82 
6 5.82 
7 5.82 
8 14.82 
9 14.82 
10 5.82 
11 20.46 
12 33.52 
13 39.62 
14 11.93 
15 8.18 
16 11.84 
17 49.63 
18 49.63 
19 49.63 
20 49.63 
21 49.63 
22 32.29 
23 28.53 
24 0.00 
25 0.00 
26 0.00 
27 0.00 
28 0.00 
29 0.00 
Pref:
1 164.58 1.0
2 132.65 1.0
3 15.33 1.0
4 99.39 1.0
5 19.50 1.0
6 30.45 1.0
lambda:
1 60.0 
2 30.0 
3 30.0 
4 30.0 
5 30.0 
6 30.0 
assets:
4 29.57 
5 29.57 
6 29.57 
* end dispatch *
DISPATCH 128
loads:
1 0.00 
2 0.00 
3 23.92 
4 23.92 
5 5.81 
6 5.81 
7 5.81 
8 14.81 
9 14.81 
10 5.81 
11 20.44 
12 33.49 
13 39.58 
14 11.92 
15 8.17 
16 11.83 
17 49.58 
18 49.58 
19 49.58 
20 49.58 
21 49.58 
22 32.26 
23 28.50 
24 0.00 
25 0.00 
26 0.00 
27 0.00 
28 0.00 
29 0.00 
Pref:
1 164.58 1.0
2 132.65 1.0
3 15.33 1.0
4 99.39 1.0
5 19.50 1.0
6 30.45 1.0
lambda:
1 60.0 
2 30.0 
3 30.0 
4 30.0 
5 30.0 
6 30.0 
assets:
4 22.28 
5 22.28 
6 22.28 
* end dispatch *
DISPATCH 129
loads:
1 0.00 
2 0.00 
3 24.04 
4 24.04 
5 5.84 
6 5.84 
7 5.84 
8 14.88 
9 14.88 
10 5.84 
11 20.54 
12 33.65 
13 39.78 
14 11.97 
15 8.21 
16 11.89 
17 49.82 
18 49.82 
19 49.82 
20 49.82 
21 49.82 
22 32.42 
23 28.64 
24 0.00 
25 0.00 
26 0.00 
27 0.00 
28 0.00 
29 0.00 
Pref:
1 164.58 1.0
2 132.65 1.0
3 15.33 1.0
4 99.39 1.0
5 19.50 1.0
6 30.45 1.0
lambda:
1 60.0 
2 30.0 
3 30.0 
4 30.0 
5 30.0 
6 30.0 
assets:
4 23.58 
5 23.58 
6 23.58 
* end dispatch *
DISPATCH 130
loads:
1 0.00 
2 0.00 
3 24.29 
4 24.29 
5 5.90 
6 5.90 
7 5.90 
8 15.04 
9 15.04 
10 5.90 
11 20.75 
12 34.01 
13 40.20 
14 12.10 
15 8.30 
16 12.01 
17 50.35 
18 50.35 
19 50.35 
20 50.35 
21 50.35 
22 32.76 
23 28.94 
24 0.00 
25 0.00 
26 0.00 
27 0.00 
28 0.00 
29 0.00 
Pref:
1 164.58 1.0
2 132.65 1.0
3 15.33 1.0
4 99.39 1.0
5 19.50 1.0
6 30.45 1.0
lambda:
1 60.0 
2 30.0 
3 30.0 
4 30.0 
5 30.0 
6 30.0 
assets:
4 26.27 
5 26.27 
6 26.27 
* end dispatch *
DISPATCH 131
loads:
1 0.00 
2 0.00 
3 23.99 
4 23.99 
5 5.83 
6 5.83 
7 5.83 
8 14.85 
9 14.85 
10 5.83 
11 20.49 
12 33.58 
13 39.69 
14 11.95 
15 8.19 
16 11.86 
17 49.71 
18 49.71 
19 49.71 
20 49.71 
21 49.71 
22 32.34 
23 28.57 
24 0.00 
25 0.00 
26 0.00 
27 0.00 
28 0.00 
29 0.00 
Pref:
1 164.58 1.0
2 132.65 1.0
3 15.33 1.0
4 99.39 1.0
5 19.50 1.0
6 30.45 1.0
lambda:
1 60.0 
2 30.0 
3 30.0 
4 30.0 
5 30.0 
6 30.0 
assets:
4 21.51 
5 21.51 
6 21.51 
* end dispatch *
DISPATCH 132
loads:
1 0.00 
2 0.00 
3 24.04 
4 24.04 
5 5.84 
6 5.84 
7 5.84 
8 14.88 
9 14.88 
10 5.84 
11 20.54 
12 33.66 
13 39.78 
14 11.98 
15 8.21 
16 11.89 
17 49.83 
18 49.83 
19 49.83 
20 49.83 
21 49.83 
22 32.42 
23 28.64 
24 0.00 
25 0.00 
26 0.00 
27 0.00 
28 0.00 
29 0.00 
Pref:
1 164.58 1.0
2 132.65 1.0
3 15.33 1.0
4 99.39 1.0
5 19.50 1.0
6 30.45 1.0
lambda:
1 60.0 
2 30.0 
3 30.0 
4 30.0 
5 30.0 
6 30.0 
assets:
4 19.85 
5 19.85 
6 19.85 
* end dispatch *
DISPATCH 133
loads:
1 0.00 
2 0.00 
3 23.95 
4 23.95 
5 5.82 
6 5.82 
7 5.82 
8 14.83 
9 14.83 
10 5.82 
11 20.46 
12 33.53 
13 39.63 
14 11.93 
15 8.18 
16 11.85 
17 49.65 
18 49.65 
19 49.65 
20 49.65 
21 49.65 
22 32.30 
23 28.54 
24 0.00 
25 0.00 
26 0.00 
27 0.00 
28 0.00 
29 0.00 
Pref:
1 156.76 1.0
2 133.70 1.0
3 15.01 1.0
4 100.18 1.0
5 19.09 1.0
6 31.49 1.0
lambda:
1 60.0 
2 30.0 
3 30.0 
4 30.0 
5 30.0 
6 30.0 
assets:
4 22.54 
5 22.54 
6 22.54 
* end dispatch *
DISPATCH 134
loads:
1 0.00 
2 0.00 
3 23.50 
4 23.50 
5 5.71 
6 5.71 
7 5.71 
8 14.55 
9 14.55 
10 5.71 
11 20.08 
12 32.90 
13 38.89 
14 11.71 
15 8.03 
16 11.62 
17 48.71 
18 48.71 
19 48.71 
20 48.71 
21 48.71 
22 31.69 
23 28.00 
24 0.00 
25 0.00 
26 0.00 
27 0.00 
28 0.00 
29 0.00 
Pref:
1 156.76 1.0
2 133.70 1.0
3 15.01 1.0
4 100.18 1.0
5 19.09 1.0
6 31.49 1.0
lambda:
1 60.0 
2 30.0 
3 30.0 
4 30.0 
5 30.0 
6 30.0 
assets:
4 15.88 
5 15.88 
6 15.88 
* end dispatch *
DISPATCH 135
loads:
1 0.00 
2 0.00 
3 23.21 
4 23.21 
5 5.64 
6 5.64 
7 5.64 
8 14.37 
9 14.37 
10 5.64 
11 19.83 
12 32.49 
13 38.40 
14 11.56 
15 7.92 
16 11.48 
17 48.10 
18 48.10 
19 48.10 
20 48.10 
21 48.10 
22 31.30 
23 27.65 
24 0.00 
25 0.00 
26 0.00 
27 0.00 
28 0.00 
29 0.00 
Pref:
1 156.76 1.0
2 133.70 1.0
3 15.01 1.0
4 100.18 1.0
5 19.09 1.0
6 31.49 1.0
lambda:
1 60.0 
2 30.0 
3 30.0 
4 30.0 
5 30.0 
6 30.0 
assets:
4 18.61 
5 18.61 
6 18.61 
* end dispatch *
DISPATCH 136
loads:
1 0.00 
2 0.00 
3 22.97 
4 22.97 
5 5.58 
6 5.58 
7 5.58 
8 14.22 
9 14.22 
10 5.58 
11 19.62 
12 32.15 
13 38.00 
14 11.44 
15 7.84 
16 11.36 
17 47.60 
18 47.60 
19 47.60 
20 47.60 
21 47.60 
22 30.97 
23 27.36 
24 0.00 
25 0.00 
26 0.00 
27 0.00 
28 0.00 
29 0.00 
Pref:
1 156.76 1.0
2 133.70 1.0
3 15.01 1.0
4 100.18 1.0
5 19.09 1.0
6 31.49 1.0
lambda:
1 60.0 
2 30.0 
3 30.0 
4 30.0 
5 30.0 
6 30.0 
assets:
4 20.08 
5 20.08 
6 20.08 
* end dispatch *
DISPATCH 137
loads:
1 0.00 
2 0.00 
3 22.38 
4 22.38 
5 5.44 
6 5.44 
7 5.44 
8 13.85 
9 13.85 
10 5.44 
11 19.12 
12 31.33 
13 37.03 
14 11.15 
15 7.64 
16 11.07 
17 46.38 
18 46.38 
19 46.38 
20 46.38 
21 46.38 
22 30.18 
23 26.66 
24 0.00 
25 0.00 
26 0.00 
27 0.00 
28 0.00 
29 0.00 
Pref:
1 156.76 1.0
2 133.70 1.0
3 15.01 1.0
4 100.18 1.0
5 19.09 1.0
6 31.49 1.0
lambda:
1 60.0 
2 30.0 
3 30.0 
4 30.0 
5 30.0 
6 30.0 
assets:
4 16.28 
5 16.28 
6 16.28 
* end dispatch *
DISPATCH 138
loads:
1 0.00 
2 0.00 
3 21.92 
4 21.92 
5 5.33 
6 5.33 
7 5.33 
8 13.57 
9 13.57 
10 5.33 
11 18.73 
12 30.68 
13 36.27 
14 10.92 
15 7.48 
16 10.84 
17 45.43 
18 45.43 
19 45.43 
20 45.43 
21 45.43 
22 29.56 
23 26.11 
24 0.00 
25 0.00 
26 0.00 
27 0.00 
28 0.00 
29 0.00 
Pref:
1 156.76 1.0
2 133.70 1.0
3 15.01 1.0
4 100.18 1.0
5 19.09 1.0
6 31.49 1.0
lambda:
1 60.0 
2 30.0 
3 30.0 
4 30.0 
5 30.0 
6 30.0 
assets:
4 14.92 
5 14.92 
6 14.92 
* end dispatch *
DISPATCH 139
loads:
1 0.00 
2 0.00 
3 21.35 
4 21.35 
5 5.19 
6 5.19 
7 5.19 
8 13.22 
9 13.22 
10 5.19 
11 18.24 
12 29.89 
13 35.33 
14 10.64 
15 7.29 
16 10.56 
17 44.25 
18 44.25 
19 44.25 
20 44.25 
21 44.25 
22 28.79 
23 25.44 
24 0.00 
25 0.00 
26 0.00 
27 0.00 
28 0.00 
29 0.00 
Pref:
1 126.59 1.0
2 122.67 1.0
3 3.47 1.0
4 91.92 1.0
5 4.41 1.0
6 29.68 1.0
lambda:
1 60.0 
2 30.0 
3 30.0 
4 30.0 
5 30.0 
6 30.0 
assets:
4 11.06 
5 11.06 
6 11.06 
* end dispatch *
DISPATCH 140
loads:
1 0.00 
2 0.00 
3 20.85 
4 20.85 
5 5.06 
6 5.06 
7 5.06 
8 12.90 
9 12.90 
10 5.06 
11 17.81 
12 29.18 
13 34.49 
14 10.38 
15 7.12 
16 10.31 
17 43.20 
18 43.20 
19 43.20 
20 43.20 
21 43.20 
22 28.11 
23 24.83 
24 0.00 
25 0.00 
26 0.00 
27 0.00 
28 0.00 
29 0.00 
Pref:
1 126.59 1.0
2 122.67 1.0
3 3.47 1.0
4 91.92 1.0
5 4.41 1.0
6 29.68 1.0
lambda:
1 60.0 
2 30.0 
3 30.0 
4 30.0 
5 30.0 
6 30.0 
assets:
4 10.32 
5 10.32 
6 10.32 
* end dispatch *
DISPATCH 141
loads:
1 0.00 
2 0.00 
3 20.13 
4 20.13 
5 4.89 
6 4.89 
7 4.89 
8 12.46 
9 12.46 
10 4.89 
11 17.19 
12 28.17 
13 33.30 
14 10.02 
15 6.87 
16 9.95 
17 41.71 
18 41.71 
19 41.71 
20 41.71 
21 41.71 
22 27.14 
23 23.98 
24 0.00 
25 0.00 
26 0.00 
27 0.00 
28 0.00 
29 0.00 
Pref:
1 126.59 1.0
2 122.67 1.0
3 3.47 1.0
4 91.92 1.0
5 4.41 1.0
6 29.68 1.0
lambda:
1 60.0 
2 30.0 
3 30.0 
4 30.0 
5 30.0 
6 30.0 
assets:
4 9.29 
5 9.29 
6 9.29 
* end dispatch *
DISPATCH 142
loads:
1 0.00 
2 0.00 
3 19.56 
4 19.56 
5 4.75 
6 4.75 
7 4.75 
8 12.11 
9 12.11 
10 4.75 
11 16.71 
12 27.38 
13 32.36 
14 9.74 
15 6.68 
16 9.67 
17 40.53 
18 40.53 
19 40.53 
20 40.53 
21 40.53 
22 26.37 
23 23.30 
24 0.00 
25 0.00 
26 0.00 
27 0.00 
28 0.00 
29 0.00 
Pref:
1 126.59 1.0
2 122.67 1.0
3 3.47 1.0
4 91.92 1.0
5 4.41 1.0
6 29.68 1.0
lambda:
1 60.0 
2 30.0 
3 30.0 
4 30.0 
5 30.0 
6 30.0 
assets:
4 22.34 
5 22.34 
6 22.34 
* end dispatch *
DISPATCH 143
loads:
1 0.00 
2 0.00 
3 19.20 
4 19.20 
5 4.66 
6 4.66 
7 4.66 
8 11.88 
9 11.88 
10 4.66 
11 16.40 
12 26.88 
13 31.77 
14 9.56 
15 6.56 
16 9.49 
17 39.79 
18 39.79 
19 39.79 
20 39.79 
21 39.79 
22 25.89 
23 22.87 
24 0.00 
25 0.00 
26 0.00 
27 0.00 
28 0.00 
29 0.00 
Pref:
1 126.59 1.0
2 122.67 1.0
3 3.47 1.0
4 91.92 1.0
5 4.41 1.0
6 29.68 1.0
lambda:
1 60.0 
2 30.0 
3 30.0 
4 30.0 
5 30.0 
6 30.0 
assets:
4 21.94 
5 21.94 
6 21.94 
* end dispatch *
DISPATCH 144
loads:
1 0.00 
2 0.00 
3 18.58 
4 18.58 
5 4.51 
6 4.51 
7 4.51 
8 11.50 
9 11.50 
10 4.51 
11 15.87 
12 26.01 
13 30.74 
14 9.25 
15 6.34 
16 9.19 
17 38.50 
18 38.50 
19 38.50 
20 38.50 
21 38.50 
22 25.05 
23 22.13 
24 0.00 
25 0.00 
26 0.00 
27 0.00 
28 0.00 
29 0.00 
Pref:
1 126.59 1.0
2 122.67 1.0
3 3.47 1.0
4 91.92 1.0
5 4.41 1.0
6 29.68 1.0
lambda:
1 60.0 
2 30.0 
3 30.0 
4 30.0 
5 30.0 
6 30.0 
assets:
4 14.22 
5 14.22 
6 14.22 
* end dispatch *
DISPATCH 145
loads:
1 0.00 
2 0.00 
3 17.96 
4 17.96 
5 4.36 
6 4.36 
7 4.36 
8 11.12 
9 11.12 
10 4.36 
11 15.34 
12 25.14 
13 29.72 
14 8.95 
15 6.13 
16 8.88 
17 37.22 
18 37.22 
19 37.22 
20 37.22 
21 37.22 
22 24.22 
23 21.40 
24 0.00 
25 0.00 
26 0.00 
27 0.00 
28 0.00 
29 0.00 
Pref:
1 148.70 1.0
2 91.84 1.0
3 0.00 0.0
4 68.82 1.0
5 0.00 0.0
6 28.09 1.0
lambda:
1 60.0 
2 30.0 
3 30.0 
4 30.0 
5 30.0 
6 30.0 
assets:
4 9.79 
5 9.79 
6 9.79 
* end dispatch *
DISPATCH 146
loads:
1 0.00 
2 0.00 
3 17.54 
4 17.54 
5 4.26 
6 4.26 
7 4.26 
8 10.86 
9 10.86 
10 4.26 
11 14.99 
12 24.56 
13 29.03 
14 8.74 
15 5.99 
16 8.68 
17 36.36 
18 36.36 
19 36.36 
20 36.36 
21 36.36 
22 23.66 
23 20.90 
24 0.00 
25 0.00 
26 0.00 
27 0.00 
28 0.00 
29 0.00 
Pref:
1 148.70 1.0
2 91.84 1.0
3 0.00 0.0
4 68.82 1.0
5 0.00 0.0
6 28.09 1.0
lambda:
1 60.0 
2 30.0 
3 30.0 
4 30.0 
5 30.0 
6 30.0 
assets:
4 11.46 
5 11.46 
6 11.46 
* end dispatch *
DISPATCH 147
loads:
1 0.00 
2 0.00 
3 17.08 
4 17.08 
5 4.15 
6 4.15 
7 4.15 
8 10.57 
9 10.57 
10 4.15 
11 14.59 
12 23.91 
13 28.26 
14 8.51 
15 5.83 
16 8.45 
17 35.40 
18 35.40 
19 35.40 
20 35.40 
21 35.40 
22 23.03 
23 20.35 
24 0.00 
25 0.00 
26 0.00 
27 0.00 
28 0.00 
29 0.00 
Pref:
1 148.70 1.0
2 91.84 1.0
3 0.00 0.0
4 68.82 1.0
5 0.00 0.0
6 28.09 1.0
lambda:
1 60.0 
2 30.0 
3 30.0 
4 30.0 
5 30.0 
6 30.0 
assets:
4 13.39 
5 13.39 
6 13.39 
* end dispatch *
DISPATCH 148
loads:
1 0.00 
2 0.00 
3 16.71 
4 16.71 
5 4.06 
6 4.06 
7 4.06 
8 10.34 
9 10.34 
10 4.06 
11 14.28 
12 23.39 
13 27.65 
14 8.32 
15 5.71 
16 8.26 
17 34.64 
18 34.64 
19 34.64 
20 34.64 
21 34.64 
22 22.54 
23 19.91 
24 0.00 
25 0.00 
26 0.00 
27 0.00 
28 0.00 
29 0.00 
Pref:
1 148.70 1.0
2 91.84 1.0
3 0.00 0.0
4 68.82 1.0
5 0.00 0.0
6 28.09 1.0
lambda:
1 60.0 
2 30.0 
3 30.0 
4 30.0 
5 30.0 
6 30.0 
assets:
4 10.56 
5 10.56 
6 10.56 
* end dispatch *
DISPATCH 149
loads:
1 0.00 
2 0.00 
3 16.14 
4 16.14 
5 3.92 
6 3.92 
7 3.92 
8 9.99 
9 9.99 
10 3.92 
11 13.79 
12 22.60 
13 26.71 
14 8.04 
15 5.51 
16 7.98 
17 33.46 
18 33.46 
19 33.46 
20 33.46 
21 33.46 
22 21.77 
23 19.23 
24 0.00 
25 0.00 
26 0.00 
27 0.00 
28 0.00 
29 0.00 
Pref:
1 148.70 1.0
2 91.84 1.0
3 0.00 0.0
4 68.82 1.0
5 0.00 0.0
6 28.09 1.0
lambda:
1 60.0 
2 30.0 
3 30.0 
4 30.0 
5 30.0 
6 30.0 
assets:
4 12.19 
5 12.19 
6 12.19 
* end dispatch *
DISPATCH 150
loads:
1 0.00 
2 0.00 
3 15.59 
4 15.59 
5 3.79 
6 3.79 
7 3.79 
8 9.65 
9 9.65 
10 3.79 
11 13.31 
12 21.82 
13 25.79 
14 7.76 
15 5.32 
16 7.71 
17 32.30 
18 32.30 
19 32.30 
20 32.30 
21 32.30 
22 21.02 
23 18.57 
24 0.00 
25 0.00 
26 0.00 
27 0.00 
28 0.00 
29 0.00 
Pref:
1 148.70 1.0
2 91.84 1.0
3 0.00 0.0
4 68.82 1.0
5 0.00 0.0
6 28.09 1.0
lambda:
1 60.0 
2 30.0 
3 30.0 
4 30.0 
5 30.0 
6 30.0 
assets:
4 12.15 
5 12.15 
6 12.15 
* end dispatch *
DISPATCH 151
loads:
1 0.00 
2 0.00 
3 15.46 
4 15.46 
5 3.76 
6 3.76 
7 3.76 
8 9.57 
9 9.57 
10 3.76 
11 13.21 
12 21.65 
13 25.59 
14 7.70 
15 5.28 
16 7.65 
17 32.05 
18 32.05 
19 32.05 
20 32.05 
21 32.05 
22 20.85 
23 18.42 
24 0.00 
25 0.00 
26 0.00 
27 0.00 
28 0.00 
29 0.00 
Pref:
1 153.34 1.0
2 66.83 1.0
3 0.00 0.0
4 50.08 1.0
5 0.00 0.0
6 29.88 1.0
lambda:
1 60.0 
2 30.0 
3 30.0 
4 30.0 
5 30.0 
6 30.0 
assets:
4 20.08 
5 20.08 
6 20.08 
* end dispatch *
DISPATCH 152
loads:
1 0.00 
2 0.00 
3 15.03 
4 15.03 
5 3.65 
6 3.65 
7 3.65 
8 9.31 
9 9.31 
10 3.65 
11 12.84 
12 21.05 
13 24.88 
14 7.49 
15 5.13 
16 7.44 
17 31.16 
18 31.16 
19 31.16 
20 31.16 
21 31.16 
22 20.27 
23 17.91 
24 0.00 
25 0.00 
26 0.00 
27 0.00 
28 0.00 
29 0.00 
Pref:
1 153.34 1.0
2 66.83 1.0
3 0.00 0.0
4 50.08 1.0
5 0.00 0.0
6 29.88 1.0
lambda:
1 60.0 
2 30.0 
3 30.0 
4 30.0 
5 30.0 
6 30.0 
assets:
4 11.26 
5 11.26 
6 11.26 
* end dispatch *
DISPATCH 153
loads:
1 0.00 
2 0.00 
3 14.93 
4 14.93 
5 3.63 
6 3.63 
7 3.63 
8 9.24 
9 9.24 
10 3.63 
11 12.75 
12 20.90 
13 24.70 
14 7.44 
15 5.10 
16 7.38 
17 30.94 
18 30.94 
19 30.94 
20 30.94 
21 30.94 
22 20.13 
23 17.78 
24 0.00 
25 0.00 
26 0.00 
27 0.00 
28 0.00 
29 0.00 
Pref:
1 153.34 1.0
2 66.83 1.0
3 0.00 0.0
4 50.08 1.0
5 0.00 0.0
6 29.88 1.0
lambda:
1 60.0 
2 30.0 
3 30.0 
4 30.0 
5 30.0 
6 30.0 
assets:
4 11.46 
5 11.46 
6 11.46 
* end dispatch *
DISPATCH 154
loads:
1 0.00 
2 0.00 
3 14.53 
4 14.53 
5 3.53 
6 3.53 
7 3.53 
8 9.00 
9 9.00 
10 3.53 
11 12.42 
12 20.34 
13 24.05 
14 7.24 
15 4.96 
16 7.19 
17 30.12 
18 30.12 
19 30.12 
20 30.12 
21 30.12 
22 19.60 
23 17.31 
24 0.00 
25 0.00 
26 0.00 
27 0.00 
28 0.00 
29 0.00 
Pref:
1 153.34 1.0
2 66.83 1.0
3 0.00 0.0
4 50.08 1.0
5 0.00 0.0
6 29.88 1.0
lambda:
1 60.0 
2 30.0 
3 30.0 
4 30.0 
5 30.0 
6 30.0 
assets:
4 8.79 
5 8.79 
6 8.79 
* end dispatch *
DISPATCH 155
loads:
1 0.00 
2 0.00 
3 14.42 
4 14.42 
5 3.50 
6 3.50 
7 3.50 
8 8.92 
9 8.92 
10 3.50 
11 12.32 
12 20.18 
13 23.85 
14 7.18 
15 4.92 
16 7.13 
17 29.88 
18 29.88 
19 29.88 
20 29.88 
21 29.88 
22 19.44 
23 17.18 
24 0.00 
25 0.00 
26 0.00 
27 0.00 
28 0.00 
29 0.00 
Pref:
1 153.34 1.0
2 66.83 1.0
3 0.00 0.0
4 50.08 1.0
5 0.00 0.0
6 29.88 1.0
lambda:
1 60.0 
2 30.0 
3 30.0 
4 30.0 
5 30.0 
6 30.0 
assets:
4 9.99 
5 9.99 
6 9.99 
* end dispatch *
DISPATCH 156
loads:
1 0.00 
2 0.00 
3 14.13 
4 14.13 
5 3.43 
6 3.43 
7 3.43 
8 8.75 
9 8.75 
10 3.43 
11 12.07 
12 19.78 
13 23.38 
14 7.04 
15 4.83 
16 6.99 
17 29.29 
18 29.29 
19 29.29 
20 29.29 
21 29.29 
22 19.06 
23 16.83 
24 0.00 
25 0.00 
26 0.00 
27 0.00 
28 0.00 
29 0.00 
Pref:
1 153.34 1.0
2 66.83 1.0
3 0.00 0.0
4 50.08 1.0
5 0.00 0.0
6 29.88 1.0
lambda:
1 60.0 
2 30.0 
3 30.0 
4 30.0 
5 30.0 
6 30.0 
assets:
4 10.16 
5 10.16 
6 10.16 
* end dispatch *
